20 20
17 24  7  8  9 42 12 87  4 95  5 14 14 30  8 89  0 69  2 32 18 59  3 20 10 26 11 35 16 83 13 25 19 48 15 51  1 58  6 99 
18  5 10 34  6 32  3 29  4 44 16 79  1 73 14 13 15 25 13  8 11 37 19  6 17  1  8 31  0 97  9  7  2 47  5 91 12 74  7 38 
13 67 16 68  8 44  7 31  4 90  3 29 15 21 19 37 18 82 17 27  5 33  1  1 10 73 14 35 12 83 11 79  6 79  9 92  2 44  0 78 
13 13 18 85  4 76  6 84  5 77 14 20  9 63 19  1  1  5  3  5 10 50  7 11 12  8  2 14 15 34 11 20  8 58 17 32 16 56  0 74 
17 71 10 12  8 79 12 78  3 26 14 38 16 72 15 83  2 51  0  9  7 45  5 13 13 31 19 91 11 40 18  5  6 91  4 24  9 96  1 72 
 5 83  0 98 19 83 17 22  8  8  7 28 12 93  6  5  1 82  3 65 13 77 16 56 15 66  2 61 14 82 10  9  9 82 11 35 18 83  4 51 
17 38 14 78  6 91  8 21 18 88  2 93 16 15 12 10  5 68  0 75  4 53 15 35  7 11 10 68  3 98 19 56  1 37 11 57  9 15 13 83 
11  3  1 98 15 19 16 67  2 33 13 78  9 59 14  2  0 32  6 78 18 97 10 77  7 72  5 34  4 45 17 26  3 79 19 28 12 88  8 19 
17 46 10 28  7 99  2 95 16 17 13 84 11 68  0 26  8 32  4 85 19 98  3 59  1 67 12 44  5 80 18 70  9 95 14 70  6  9 15 49 
18 27 15 17 14  6 12 62  9 90 19 17 10 58 16 94  7 11 17 65  6 96 11 76  0 58  2 60  4 51  8 51 13 98  5 26  3 92  1 66 
 1 92  0  9  9 71  6 66 19 57 17 56 11  8 18 80 15 11 16 78 14 50  8 37  7 92 13  5  3 13 10 63 12 21  4  6  5  2  2 27 
15 70  2 55 10 13 19 50  9 23  3 75 17 24 16 69 13 72 11 53  4 94  6 25  1 21  7 57 14 16 12 17  5 70 18 34  0 42  8  6 
 6 94  1 80 19 74 14 71 17  8 11 51 10 87  3 86 13 37  2 93 12 82 15  1  4 76 16 49  8 35 18 44  5 50  0 75  9 63  7  4 
 2 19 10 40  1 30 19 92  5 10 12 60  8 32 14 71 17 73 13 61 11 31  4 94 16 61 18 85 15 91  0 98  6 35  7 55  9 84  3 93 
14 68  0 13  8 30  3 83  9 46 10  8  2 41 17 83  4 33  6 19 19 75  1 37 16 17  5 29 12  5 13 62 15 96  7  7 18 73 11 39 
 8 49 12 19 13 10 10 67  7  6  0 42  4 87 16 83  5  7 15 51 18 55  3 79  9 24  2  2 11 88 19 80 14 37  6 58  1 20 17 45 
 8 89 12 33 19 27 11 20 10  2  4 26  2 88  7 24  9 62  6 68  0 59 15 53 13  7  1 85 16 66 14 14  5 22  3 15 17  8 18 58 
 9 88  6 88 16 91  4 72  3  9  2 41 14 76  8 24 12 77  7 60 17 93 15 39 19 93 18 71  1 13  0 73  5 44 10 15 13 19 11 95 
 9 93 18 34 12 36 10 82 14 28 16 52  1 22 17 33  4 77  7 27  0 62  8 59  2 52 15  1 19 39  6 85  5 62  3 34 11 77 13 74 
 6 15  2 38 17 83  9 32 19 12 11 41 14 81  7 79  4 90  3 12  8 18 12 37 18  1 15 91 16 73  0  5  5 82  1 64 10 37 13 91 
