30 15
 3 99 10 43 14  6  1 99  5 23  8 98  4 84 11 24 13 30 12 53  2 34  9 95  7 50  0 48  6 38 
 6 19  4 24  2 65  3 16 14 94  5  9  7 60 13 32  9 59  0 85 11  9 12 36  8 22 10 25  1  5 
 4 54  2 62 10 93  5 78 12 59 13 71  3 49 11 88  9 40  7 13  8 17  6 88 14 47  1 30  0 56 
 0 60 13 16  4 79  1 84 14 84  9 42 12 59  3 14  8 74  5 60  2 98  6 17 10 42  7 31 11 19 
 6 49  1 52 10 46  4 50  8  1  5 14  2  2  9 56  7 64  0 51 13 75 11 28  3  9 14 37 12  6 
 5 59  6 65 12 85  3 40  0 23  4 39  2 99  8 46  1 17 13 94 11  6  9 67 14 69  7 86 10  8 
11 10 13  7  1 22  6 36  4 31 12 75 14 57  0 49 10 44  8 21  5 77  7 70  2 64  9 46  3 69 
 5 53  2 74  1 93  4 26  9 54 13 89  8 82 10 66 11 37  3 63  7 71  0 17  6 58 12  4 14 46 
 7 76 13 72 12 42  5 17 10 27  9 56  0 78 11  5  8 72  4 19  2 90  1 46 14 43  6 56  3 17 
 6 18  7 79 14 93  1 71  9 48 11 23  3 20  5 90 10 94  2 87  8  6  0 36 13 84 12 25  4 83 
10 52  0 61  3 45  4 60  5 15 11 74  7 49 12 26 13 94 14 54  8  1  1 58  6 56  2 54  9 72 
 5 63  0 73  9 82 11 84 12 15  6 54 10 52 14 52  8 36  4 21  7 45  3 41 13 21  1 97  2 50 
 8 90  0 90  7 77  4 33  3 31  1 26 13 14  5 75  6 92 12 70 11 55  9 56  2 39 14 49 10 23 
 4 87  9 47 13 58 12 34  6 29  2 83  7 24  1 48 11 97 10 89  8 84 14 82  0 53  5 99  3 10 
 7 35 14 32 11 30  2 93 10 58 12 28  1 88  3 16 13 98  9  4  4 82  8 98  5 26  0 29  6 77 
13 18 12 92  4 62 11 59  1  3  0 94 10 34  6 56  5 24  9 18  2 66  7 53  3 30 14 41  8 10 
 0  2  7 26 12 17 14 18  3 60  2 39  8 23 11 95 13 81  9 56  4 34  1  8  5 47  6 72 10 56 
 5  6  6 79  7 65  4 58 12 94  9 45 11 80  3  3 10 29  8 80  1 27  0 60  2 94 14 14 13 76 
12 31  4 79  3 87 13 79 11 57  6 48  5 33  0 42 10 93  1 86  2 54  9 32  7  8  8 16 14 63 
 0 96  7  1  3 75 11 42 10 45  1 51  8 10 12 58  5 71  6 92  2 23 14 18  9 63 13 27  4 63 
14 84  5 82  7 16  1 61 10 43  6 75  9 28  3 15 12 19  0 93 11 22 13  1  4 62  2  9  8  5 
12 46 11 29  6 50  8 12 13 72 10 18  1 79  7 73 14 23  9  1  4 58  3  1  2 95  0 25  5 71 
 8 10  9 39 11 49  3 56  4 71 13 40 10 90  2 28  0 89 12 42  5  9  6 92  7 52  1  6 14 20 
12 70  8 63  6 68  9 97 11 86  5 81  2 38  7  7 14 53  0 48  4 43  1 59  3 88 13 29 10 87 
14 81 11 97  8 65  4 60 10 15  5 29  3  9  2 80  6 78  9 85 12 95 13 85  0 91  1 28  7 92 
 7 39 14  6  4 59  0 34 12 34 10 32  8 12  5  7  3 35  1  4  6 53  9 69  2 89 11  3 13 40 
11 98 12 85  4 51 14  9 13 24  1  7  5 59  8 98  0 50  7 98 10 64  9 31  2 31  6 29  3  1 
14 59  8 68  7  3  1  8  0  2  6  9  9 69 12 14  5 72 10 84  4 69 13 54 11 45  2 59  3  7 
 8 92  7 21 10 53 14 64  5 59 12 79  9 52  2 14 11 61  1 86  3 82  0 98 13 83  6 24  4 87 
 2 51 12 70 13 94  3 80  0 35 14 56  6  8  5 94 10 11 11  3  8 60  9 73  1 26  7 21  4 45 
