50 15
 9 14 10 79  3  6  8 35  5 42  7 64  4 51  0 67 12 13  1  9 13 46  6 84 11 60  2 10 14 34 
 1 45  7 42  8 95  2 97  9 43 14 40 12 25  4 22  3 57 11 15 13 59  0 33  5 83 10 72  6 27 
 2 15 13 92 11 82  4 76 14 87  8 93 10 30  3 96  6 21  5 76  7 61  1 62  9  7 12 21  0 38 
10 36 12 96  7 77  1 97  5 26 14 13  4 90  9 60  2 91  3 86  8 74  0 64 11 42 13 93  6  1 
 5 27  3 61  7 87  0  2  9 30  6 47 11 58 10  5 12 83  4 72 14 71  2 52  1 48  8 54 13 27 
 3 44  0 66  6  1  2 12  4 21  1 24  5 19 14  6 10 31 13 50 11 84  9 34  7 59  8 64 12 53 
13 51 10 48  9 39  8 75  1 13  6 94 14  5  0 73 12 38 11 28  7 77  2 40  3 45  5 89  4 89 
14  5 11 35 10 87 13 48 12 25  6  4  4 76  0 22  7 92  5 77  2 86  1 35  3 43  8 75  9 61 
 7 49  2 41  8 80 10 26  1 18 14 30  5 43  4 50  0 26 12 23  3 22  9 70  6 44 13 53 11 41 
12 41  5  3  4  5  7 30  3 93  1 76 11 86  8 20 14 72  6 66  9 81  2 37 10 37  0 48 13 14 
 9 27 11  8  8 68  5  1  4 76  6 11  2 45 12 80 14 24  1 87 10 48  7 45  0 84  3 34 13  7 
 3 80  9  4  7 84  5  5  4 52 10 75  2  4  8 93 14 33 11 34 12 77  6 55 13 47  0 83  1 61 
 8 63  4 67 12 28  3 94  2 58  9 55 10 24  6 98  0 91 13 91 14 17  1 37  5 40  7 11 11 18 
14 43  3  7  8  3 11 67  5 35  7 39 12 81 10 99  2 70  0 28 13 78  6 88  1 80  9 41  4 68 
 1 47  4 17 14 90  3 47 10  6  6 86  5 24  2 57 11 18  0 74  8 64  7  6  9  5 13 96 12 52 
 4 54  8 49 11 67  2 51 13 19  0 66  7 51 12 53  6  4  3 95  9 28  1 45  5 27 10  2 14 68 
10 46 12 50  1 74  4 65  8 64  7 15 14 74  9 90  2 17  0 98 13 28  6 18 11 56  5 80  3 52 
13 51 11 36  9 98 12  8  0 80  1 77 10 61  4 95  6 69 14 13  7 34  8 44  3 17  2  1  5 37 
10 75  2  6 14 16  1 61  7 45 13 57  4 25  9 14  5 31  3 12  8  2  0 44 11 98  6 47 12  7 
 0 49 11 71  2 34 10  5  6 90  3 51  4 18  5 66 12 56  8 49  7 38 14 44  9 21  1 74 13 47 
 1 81  4  4  8 29  2 96  3 78  7 80 12 65 13 61  9 84 14 26  0 36  5 67 11 60  6 16 10 67 
 7 33 12 53  9 51  5  6  1 95  2 91 14 11 10 21  6 76  4 32  8 56  3 77  0 41 13 82 11 18 
 2 47  0 18 10 80  7 82  3 21 14 24 11 67  1 68  5 81 12 49  8 39  6 29  4 20  9 79 13 38 
 9 82  4 70 14 56  1 66  3 16  2 62  8 27  0  6  6  1 10 88  7 45  5 27 11  8 12 87 13 41 
 0 78  8 21  2 87 10 88 13 33  3 15 12 68  1 37  7 33  4 30  9 48  5 29  6 16 14 41 11 30 
13 73 14 86  7 19  6 99 11 78 12 76  0  8  1 45 10 96  8 43  4 47  3  8  9 25  5 57  2 91 
 7  6 11 89  0 51  6 53  2 86  8 64 14 56  5 81  4  6 12 53 13 62  1 52  9 51  3 66 10 22 
 9 87  7 96  6 25  5 66 10 92  1 44 14 68 11 50 12 23  0 45  4 72  3 93  8  9  2 13 13 87 
 2 95  3 16  8 64  1 72 12 32 13  4  7 51 11 52  5 35  0 77  9 39 10 72  4 65 14 46  6 67 
 8 62  4 30 12 99 11 67  3 77  7  9  0 56 10 74  6 86  1 63 14 81  2 82  5 71  9 62 13 56 
 8  6  1 98  4 48  6  3  7 45 14 85  3 31 10 43  5 14 12 70  0 16 13 87 11 25  9 62  2 86 
 7 92 13 98  0 91  8 30  9 35  1 29 10 80 12 99  5 25  3 53  4 49 11 97  2 34  6 98 14 13 
10 34  8 66 14 83  2 78 12 10  0 95  3 64  5 43  1 65  9 37 11 73  7 33 13 45  4  5  6 18 
 1 11  2 21  5 42  9 70  7 43  4 48  0 58  3 54 14  9 12 17 13 73 10 42  6 18 11 76  8 29 
11 92  2 89  4 28 14  8  6 13  5 92  7 13 12 45  9 47  3 36  8 44  0 67 10 25 13 77  1 43 
14 88  8 36  5 13  7 65 10  9 13 45  1 89  0 79  9 99  4 94  3 37  2 76  6 99 12 38 11 79 
13 32  7 65 12 86 11 44  8  2  3 55  9 66  2 50  1 31  5 66 14 88  6 10  0 46 10 56  4 36 
 0 55 14 78  5 55  2 62  4 65 10 97  9  9  6 47  3 56 11 92 12 21  8 66 13 40  7 20  1 97 
 9 81  7 43  0 72  6 71  4  5  8 56  1 84  3 53 12 98 10 76  5 15 13 84 11 48 14 65  2 19 
14 99 10 23  6 14  5  3  0 25  4 95  8 53 12 22  9 31  2  3  7 86  1 40 11 66  3 80 13 19 
 3  8 11 37  4 90 14 98  5 17  8 88  6 35  2 52  9  1 10 99  7 36 13 29  1 77  0 18 12 55 
 3 76  0 33 10 37  2 81 12 71  7 57  4 88  8 29  6 41 14  7 11 43  9  7  1 32 13 15  5 16 
14 22  2 38  6 21  5 25  1  9  3 50 11 51 13 83  8 73 12 85  9 53  4 21 10 12  0 10  7 34 
10 89  6 84 14 94 11 82  7 42 13 26  1 16  9 40  8 55  0 15  4 31 12 73  2 95  3 39  5 11 
 5 52  2 71 12 75  7 11  9 77 11 75  0 68  1 55  3 90 10 21  6 62  8 23  4 95 14  8 13 66 
 9 91 11 45  1 44  7 23  0 47 14 60  8 36  5 81 10 24  6 60  2 62 13 13  3 88  4 38 12 46 
 7 90 10 87  9 49  3 77 13 32  4 28 12 80  5 61  8 75 14 23  1  5  6 43  2 31  0 80 11 68 
 4 92 11 67 13 78 14 39  5 74  7 47  2 56  9 81 12 51  1 85  0 12 10 25  3 64  8 70  6 49 
11 73 10 73  8 59  3 47  6 36  9 81 12 58  7 38  4 33  1 19  0 15  2 97  5 25 13 67 14 89 
 9  9  6 58  4 64  2 46 14  2  3 24  8 68 11  4 10 55 13 95  5 98  7 57  1 63  0 31 12 31 
