15 15
 7 69 11 81  8 81  3 62 12 80  1  3 13 38  0 62 14 54  6 66  9 88  4 82  2  3 10 12  5 88 
12 83  1 51 11 47  9 15  6 89  3 76  2 52  4 18  5 22  8 85 13 26 14 30 10  5  0 89  7 22 
 1 62  2 47  9 93  0 54  3 38  5 78  8 71  4 96 14 19 10 33 12 44 13 71  7 90  6  9 11 21 
13 33 10 82  6 80  2 30 14 96  7 31  4 11 11 26  0 41  5 55  9 12  3 10  8 92  1  3 12 75 
 1 36  8 49  4 10 14 43  6 69  5 72  3 19  2 65  9 37 10 57 13 32  7 11 11 73  0 89 12 12 
 5 83 14 32  2  6 12 13 10 87  1 94 11 36  4 76  6 46  9 30  0 56 13 62  8 32  3 52  7 72 
 5 29  2 78  0 21  1 27  8 17 14 43 11 14 10 15  7 16  9 49  6 72 12 19  4 99 13 38  3 64 
 4 12  7 74 10  4  1  3  9 15  8 62  2 50 14 38 11 49  3 25  5 18  6 55 13  5 12 71  0 27 
14 69 11 13  0 33  9 47 10 86  5 31  3 97 12 48  8 25 13 40  6 94  1 22  7 61  2 59  4 16 
 9 27  0  4  3 35 10 80 12 49 13 46  5 84  1 46  6 96 14 72  8 18 11 23  2 96  7 74  4 23 
 7 36  2 17  1 81 12 67  3 47 14  5  4 51  6 23  5 82  9 35  8 96 13  7 10 54  0 92 11 38 
 0 78  8 58 14 62 12 43  9  1  5 56  6 76 10 49  7 80 11 26  3 79  4  9  1 24 13 24  2 42 
 8 38 12 86 10 38 11 38 14 83  3 36  6 11  1 17  4 99  5 14  0 57  9 64 13 58  2 96  7 17 
13 10  2 86 11 93  0 63 14 61 10 62  3 75  1 90 12 40  4 77  5  8  6 27  7 96  9 69  8 64 
 1 73 13 12  0 14 11 71  2  3 10 47  4 84  8 84  3 53  5 58  7 95  6 87  9 90 12 68 14 75 
