15 15
 3 72  7 51  6 42 14 31  9 61  8 46  5 88  4 33 10 27  1 85  0 70 12 56 11 70  2 50 13 25 
 1 19 11 79  0 79  5 47  8 40 13 67  3 43 10 65  9 84  2 61 12 30  6 56  4 19  7 91 14 68 
 7 94  3  7  8  2 11 95  0 60  4 82  9 76 13 36  1  8 10 85  6  7  5 44 14  2 12 72  2 91 
 6 58 11 67  5 84 13 34  3 19  2 19  1 94  4 41  9 98 12 96  8 25  0 40 14 74  7 88 10 74 
 1 45 11 60  6  8  5 29  8 32  7 42 12 25  9  4  2 71 14 79 13 93  3 28  0 30  4 17 10 43 
11 84  2 56 12 46  1 93 14 66  0 84  6 40  9  4  3 15 13 15  7 54 10 39  4 77  5 55  8 31 
14 65  7 91 11 17  0 47 12 77  8 68  9 62 10 22  3 72 13 47  4 38  1  7  2 11  6 22  5 63 
 7 12  4 21 13 60  5 42 14 22 11 84  2 60 12 52  6 25  1 53  0 53 10 56  9 29  3 83  8 32 
 7 48  4 28 14 70 10 26  3 68  0  4 13 19  8 92  1 24  2 54  6 57 12 47 11 84  9 85  5 95 
 2 36 12 34 10 65  3 64  6 30  5 41 14 53  9 74 13 44  4 13  0 41 11  6  7 32  8 94  1 37 
11 62  9  9  3 89  7 37  6 28  4 23  0 13  2 60  5 46  1 94 10 85  8 72 13 18 12 79 14 11 
 0 74  4 61  1 43  9 26  2 97 11 62 13 40 10 60  7 62  6 78  8 42 12  8 14 21  3 11  5 70 
 6  9  0 22  4  9 10  8  2 54 14 32  9 92 13 76 11  2 12 63  1 63  8 98  5 42  3 12  7 41 
 5 67 10  7 13 91  2 52  7 87  4  4  8  1  6 56  9 82  0 47 12 35 11  8  1 92 14 39  3 11 
11 44  2 24  0 24  4 14 14 34  5 57  9 30 10 64  6  4 12 14  8 69  1 95  7 22  3 60 13 61 
