15 15
12 40  1 96  4 59  9 95 13 76  0 75 11 23  8 65  3 65  5 16  6 71 14 52 10 84  2 99  7 24 
 5  2  1 88 14 99 10 52 13 68  9 13  6 38 12 35  8 57  2 37  7 93  0 38  3 68  4 94 11 71 
 6 87  3 46 10 14  7 87 13 30  4 79  5 62  9 37  8 54  2  1  0 97  1 16 11  2 14 51 12 96 
10 19  7 15  5 42  0  8  9 72 13 15  2 76  8 25  1 78 14 84 11 62  3 70 12 81  6 16  4 97 
 6 68 12 71 14  3  1 68  7 91  5 37 11 73  0 21  2 85  3 79  8 51 13 50  4 21  9 30 10 64 
 4 14  7  1  6 29  0 72  8  6 13 31 12 98 14 50  3 83  2  2  5 86  9 33 10 33  1 98 11 59 
10 21 11 80  6 99  9 70  0 80  2 71  1 47  8 96 12 56  7 78  5 53  3 10 13 92 14  1  4 33 
 3 29 10 85  5 89  6 10  8 30  4 38  0 38 14 48  2 16  7 65  9 90 11 73 12 88  1 46 13 47 
 1 37  2  9  6 49  7 23 10  1 12 78 14 39  8 15  0  9  3 41 13 35  5 83  4  8  9 61 11 60 
12  1  7 73  6 47 14 46  3 10  4 37  0 60 13 84 10 26  8 11 11 37  9 79  5 75  2 49  1 51 
 4 22  3 49  8 33 14  2  2 24 13  3  5 73  6 68 10 21 12 61  7 69 11 94  1 43  9 39  0 48 
 6 81 12 46  7 21  5 23  2 86  4 19 13 64 11 52  8 22  0 50 10 11  3 73  1 77  9 16 14 75 
12 21 13 80  8 30  7 32  1 22  6 23  0 85  5 92  9 14 10 13  4 68  2 60 14 45  3 32 11 90 
12 29  1 95  4 52  8 59  6 33 10 12  7 73  3 96  0 75  5 12 13 83  2  3  9 90 14 57 11  6 
 7 94  5 18  0 54 10 42  2 70  3 29  9 43  6 50 11 75  8 70  1 40  4 48 14  1 12 27 13 12 
