15 15
 3 83  6  1  7 96 13 54  4 30  1 80 12 81 10  9  8 49 14 32  0 19  9 92  5 65  2 88 11 64 
 2  4 12 68  1 79 13 21  3 84  4 92  8 66 14 51  0 83 10 96  7 68  5 38  9 38 11 99  6 76 
 8 46 14 57  3 66  0 75 10 88  5 58  9 56 13 35  2 59 11 82  6 24  4 96  7 24  1 55 12 80 
 5 34 13 69 11 53  4 98 14  8  2 81  9 81  8 38 10 39  3  3  6 59  7 81  1 30  0 76 12 71 
13 85  5 80  2 36 14 57  1 96  8 34  4 14  3  3 11 90  6 99  7  9 12 42  9 95  0 27 10 27 
14 28 11 11  2 66  5  2  8 35 10 69  0 61  4 84  9 73  7 56 13 98  3 81  1 72  6 92 12 23 
 8 21 12  5  5 95 10  5  7 22 11 16  2 77 13 85  0 76 14 46  6 36  9 89  1 99  4 44  3 37 
 9 49  7 80 12 61  3 87  6 41  2  6 10 83 13 79  1 44  8 83 14  9  4 84  0 99  5 38 11 68 
 0 77  4 51  5 68  1 69 11  6  7 26  6 99  2  6 14 34 13 27  8 51  9 82  3  5 10 90 12  1 
 8 85 11 64  7 55  1 76 14 89 13 68 12 34  4 14  6 52  9 33 10 91  0  4  5 18  2 95  3 76 
12 40  4  8  5 36 13  5  6  1  0 51  1 33  7 80  9 90  8 75 11 47 10 65 14 42  2 16  3 11 
 3 38 14 83  4 48 13 74  5 15  9 10  8 89  0 41  7 97 12 97  6 16  1 47 10 21 11 95  2 20 
10 89  8 22  4 11  1 15  2 37  0 65  7 28 14 39 12 88 13 14  9 28  6  6  3 24 11  4  5 23 
 6 14  2 66  0  4 14 58  1  7  4  6 12  5  3 48 10 54  7 59  8  2  9  1  5  4 13 82 11 75 
10 24  2 66  9  4 13 20  5 79  0 50  6 23  7 15  1 14 14 91 11 86  4 96 12 63  3 16  8  3 
