20 15
 3 25 11 75 14 75  1 76 10 38  2 62  4 38  7 59  0 14 12 13  5 46  9 31  6 57 13 92  8  3 
 5 67  0  5  3 11  8 11  4 40  1 34 12 77 14 42  6 35  7 96 10 22  2 55  9 21 13 29 11 16 
 2 22  3 98 14  8  0 35  9 59 12 31  5 13  4 46  7 52 10 22  8 18 11 19 13 64  1 29  6 70 
 8 99 10 42  1  2 13 35  3 11  4 92 14 88  9 97  2 21  5 56 11 17  7 43  0 27  6 19 12 23 
14 50  8  5  1 59  2 71 10 47  9 39 12 82  4 35  6 12  5  2  0 39 13 42  3 52 11 65  7 35 
 3 48 10 57  1  5  5  2  6 60  0 64  8 86  7  3 11 51 13 26  2 34 14 39 12 45  9 63  4 54 
 2 40 10 43  1 50 12 71  8 46  0 99  7 67  6 34 14  6 13 95  4 67  3 54  5 29  9 30 11 60 
 1 59  0  3  2 85  4  6  7 46 13 49 11  5  3 82 12 18  5 71  6 48 14 79  9 62  8 65 10 76 
 4 65  5 55  9 81 10 15  7 32  6 52  2 97  1 69 12 82  3 89 13 69  0 87  8 22 14 71 11 63 
 1 70  4 74  3 52 10 94 14 14  0 81  6 24 13 14 11 32  8 39  5 67 12 59  7 18  9 77  2 50 
 3 18 10  6  1 96  0 53  9 35  8 99 14 39  6 18  4 14  7 90  2 64 12 81  5 89 11 48 13 80 
 2 44  7 75  6 12  8 13  3 74  5 59 14 71  4 75  1 30  0 93  9 26 10 30 13 84 11 91 12 93 
 0 39  7 56 14 13  8 29 12 55 10 69  9 26  3  7  6 55  1 48  4 22  2 46 11 50 13 96  5 17 
12 57  3 14  9  8  4 13  1 95  0 53 10 78  6 24  5 92  2 90 14 68 13 87  7 43  8 75 11 94 
 3 93 14 92  6 18  5 28 13 27  9 40  1 56  0 83 12 51  7 15  2 97  4 48 10 53  8 78 11 39 
 5 47 14 34  6 42 12 28  8 11  2 11  4 30  9 14 11 10 13  4  3 20  1 92  7 19  0 59 10 28 
 3 69  7 82 10 64 14 40  0 27  8 82  1 27 11 43  5 56 13 17  4 18 12 20  6 98  9 43  2 68 
10 84  8 26  2 87 11 61 13 95  6 23 14 88  3 89  9 49  7 84  4 12  5 51 12  3  0 44  1 20 
 3 43  2 54 12 18 13 72  1 70  6 28 14 20  5 22  4 59  8 36  9 85 11 13  0 73 10 29  7 45 
11  7 14 97  5  4  6 22 10 74  9 45 13 62  1 95  4 66  8 14  0 40  3 23 12 79  2 34  7  8 
