20 15
 2 55  5 66  1 48  8 59  3  8  4 21 14 64  7  7 10 80 13  5 11 59  9  8 12 91  6 11  0 81 
14 86  8 76 12 40  4 76 11  9  3 23  6 80  9 51  0 46 10 48  1 68 13 51  2 15  7  5  5 82 
 7 84 12 97  1 26  8 70  2 33 10 31  3 20 11 39 13 42 14 33  5 70  6 84  0 23  9 54  4 55 
 1 60  8 82  5 14 11 36  7 22  6 21  3  3  2 11  4 82  9 92 12 52 13 85  0 77 14  3 10 89 
 8 83  4 33 12 15  1 36  3 96 14 99  2 81  9 24 13 59  6 89  5 11 10 13 11 26  7 91  0 87 
 2 51 14 20 10 89  7 99  3 95  0 41  1  7 13 67  9 77  6 45 11 74 12 91  4 87  5  1  8 55 
 0 35  4 71 13 47  1 34  8 77 10 68 11 85  6 27  9  2  2 99  5  9 12 18  7 28  3 33 14 92 
12 76  2 58 11 37  9 28  8 80 10 96 13 97  4 92  5 84 14 68  6  1  3 86  1 33  7 66  0 20 
 7 17  3 11  4 18  5 90 13 57  0 95 11 17 10 33  9 61  1 49  8 36  6 38 12 62 14 73  2 25 
 7 82 14 84 12 87  6 44  5 96  9 64 10 68  0 57  3 65  4 89  2 42  1 77  8 43 13 76 11 38 
 0 54  9 66 13  8  7 48  6 84  3 15 11 93  8 94 10 57  4 16  2 64  1 13 14 62 12 63  5 53 
14 21 10 70  3 42 12 29  5 83  7  5  4 16  6 76  1 67  2 46  0 67 13 83  9 46 11 29  8 26 
11 96 10 42  5 49  1 54  3 58 13  8  9 41  7 14  8 35 14  9  0 74  2 16  6 50 12 69  4 45 
 7 69  6 90 13 17 10 18  3 45  1 48  5 31 11 29  4 27  8 85  0 71 12 92  9 20  2 11 14 86 
 2 41  4 24 14 82  5 50  0 24  7 75 10 34 12 80  1 71  9 54  3  5  8 42  6  8 13 35 11 93 
 5 63 14  4 12 85  7 53  3 61 13 54  0 16  9 18 10  5  6 43  1 24  2 88  8 67  4 79 11 41 
14 17  8 37  1 56 10 70 11 56 12 24  7 95  0 12  3 96  2 27  9 55 13 36  5 41  6 65  4 23 
 5 79  2  6 10 89  3 69 12 16  4 56  6 81 11 98  0 12 13 19  8 88 14  3  7 36  1 67  9 74 
 0 38  9 76 10 47  4 21  2 80  6 97 13 35  1 45  3 74 14 92  7 98  8 54  5 91 12 79 11 46 
 2 34 12 56  9 26  8 62  4 82  6 38 10 89 14 33  7 50  5 62  1 39 11 63  3 88  0 13 13 42 
