20 15
12 91 11 17  8  4  9 63  7 67 13 30  0 87 10 80  2 95  4 14  5 17  6 22  3  1 14 85  1 41 
 2 77  5 77  0  9 10 77  4 24  1  8 13 64 11  6  3 12 14 13  6 71  8 76  9 95 12  8  7  6 
 3 92  2  3  6 12  9 27  5 58 12 66  0 99 13 33  7  7 10 78 14 96  1 30  4 54  8 23 11 88 
 9 19 14 45  5 65  7 24 13 30 10 30 12 49  2 32  3 78  8 31  1  3  6 25 11  9  0  2  4 22 
 3 84  8 61  6 35  1 44 13 37  0 16  9 97  5 85 14 51  2 26 12 13  7 76  4 41 11  2 10 96 
 3 85  8 55 13  2 11 65 12 52  1 97  4 81 14  8  6 22  5 59  9 95  0 52  7 85 10 64  2 13 
11 64  2 94  0  4  6 13  4 98  1 26  5 32 12 20  9 97  7 28  3 63  8  2 13 23 10 14 14 62 
12 56  3 98  4 56 11 28  8  1  1 96  5 27  0 38 13 41  6 94 10 77  9 63  2 63 14 81  7  6 
 5 63  8 98  7 64  0 37 12 89 13 96  1 88  6 13  4 72 14 28 10 57  9 99  3 11  2  8 11 96 
 6 17  3 71  9 80  8 33  2 87  1 82 12 44  7 14  5 85 14  2  0 60  4 72 11 27 13 63 10 66 
 6 47  0 42  4 61 14 17  8 65 13  5 12 96 11 47 10  9  1 20  9 10  7 11  5 86  3 90  2 65 
 0 66  6 91  4  8  3 37  8 99  2 90 11 16  1 89  9 17  5 98 13 87 12  8 10 40 14 33  7 37 
 2 99  9  2  5 22 12 12  3 13 14 62  4 30 13 44 11 25  7 56  1 10 10 44  8 25  6 39  0 65 
11 35  7 62 10 52  4 84  8 30 14  2  6 50  3 69  9 64  5 54  1 45 13 38  2 90 12 70  0 37 
 8 73 13 40 10 16 12 21  0 50  9 10  2 46  6  2 11 48  1 16  3 58 14 37  5 12  7 30  4 82 
14 76  7 40 11 21  6 91 10 48  9  6  2 91  0 75  1 79 12 51  8 51  3 81  4 70 13 65  5 19 
 8 49 13  5  7 59  9 40 11 74 12 70  5 84  4 47  2 25  3 86 14 75  6 26  0 51 10 32  1 15 
 8 11 14 18  5  6 11 60  1 83  0 64  7 85  3 21 12 52  2 49  9 30 10 56 13 31  6 25  4 31 
 8 83  6 42  1 11 11 64  7 44 12 90 14  8 10 35  0 72  9 67  3 72  4 55  5 43 13 88  2 35 
13 19  1 53  4 80  0 89  5 21  7 34  3 56  6 89 12 50  8 28 11 15  2 27 10 74 14 83  9 79 
