20 15
 8 56 13 25  3 17  7 63 10  9  6 30 14 75 12 22  9 42  2 83  0 69  4 90  5 88 11 20  1 30 
11 39  4 20  6 35  3 79  8 35  9 66 12 15  5 56 13 60  0 72  7 52 10 14 14  2  2 16  1 59 
14  5  9 31  4 55  0 70  2 49 13 70  6 92  7 40 11 13  1 14  3 49  5 30 10 50 12 77  8 81 
 0 64 12 63 10 21  1 21 11 29 14 10  8 25  5 60  9 93 13 24  2 48  6 52  3  8  4 30  7 37 
 2  4  6 32  4 10 13 77  8 45 12 37  3 89 10 60  9 59 11 42  0 48  7 30  1 22  5 23 14 15 
 1 14  4 10 13 68  7 95 12 42  8 29  3 44  0 23 14 61  5 57 10 45 11 98  9 30  6 27  2 13 
 6 50 12 55  3 23 11 25  0 51  1 55  7  9 13 87  4 21  8 48  5 55  9 22 14 47 10 50  2 86 
 5 11  7 43 14 26 11 31  4 18  3 59 10 84  0 33  1 73  6 20 13 34 12 92  8 65  9 87  2 37 
 3  9  2 20  6 11  4 21 11 11 10 96  0 94  8 91 14 92  7 97 13 28  5 55  1 89  9 34 12 61 
 3 10 11 58 14 86 10 86  2 87  4 18  1 74 13 64  6 12  9 22  5 80  8  5 12 95  7  6  0 35 
 9 47 10 68  6 60  7 20  4 14 12  6  5 20 14  6 13 46  1 79  8 32  0 82  2  7  3 74 11 54 
 7 20  5 99 11 55 14 78  8 35  0 26 13 23 12 87  2 86  9 25 10 98  1  1  4 16  3 33  6 50 
11 35  0 34  6 66 12 47  5 48 10 52 13 33  3 77  4 38  1 65  9 58 14 71  2 14  8 85  7 13 
 2 85  9 86  4 15  6 68  3 32  7 83 13 80  5 81 12 10 10 12  1 31 11 38  8 78 14 44  0 18 
 6 60 14 58  5 16  8 24 13 57  4  8  1 41  3 39  0 28  7 56 12 37  2 34 10 39 11 69  9 52 
10 76 14 87  8 91  7 13  6  4  5 32  1 58 13 62 11 83  2 48  3 41  9 36 12 68  0 28  4 12 
 5  1 11 67  1 98  4 41  7 84  6 34 14 86 13 75  8 93 12 83  3 66  2 93  0 47  9 58 10 64 
 4 61 14 49  2 35  6 92  0 84 11 57  7 31 13 50  9 53  1 11  5 74  3  8  8 14 10 12 12 50 
 7 19 14 89 10 67  1 10  5 75  9 49  2 75  4 66  0 37 11 77 13 94  3 60  6 38 12 52  8 61 
11 29 13 73  7 62  8 19  6 99  0 95  5  2  4 39 10 70  1 90  3 10  2 60  9 21 12 40 14 17 
