20 15
 7 15 12 89  6 49  3 95  8 40  5 79  0 44  9 59  1 87 10 88  2 48  4 44 13 43 14 11 11 75 
 8  6  3 46 12 18  5  4  6 56  9 44  1 15 14 40  4 44  2 79 11  1  0 32 10  5 13 92  7 76 
 1 78  0 45  8 61  4 49 11 26 14 36 12 94  6 80 13 49  9 53  2  4  5 51  7 82 10 36  3 76 
11 58 13 34 10 70  0 19  4 85  7 69 14 87  5 38  3  5  2 88  9 66  1  3 12 10  8 28  6 18 
14 78  6  7  2 83 10 75 11 39  5 24 12 10  9 13  3 42  1  2 13 61  4 26  0 11  7 89  8 39 
 7 80  5 88 12 13 13 92  9 11 11 62  1 42  4  3  3  6  6 36  2 49  8 98  0 40 14 59 10 15 
14 83 13 12  8 48  9  1  1 76  0 32 11  1  4 81  2 53  3 70 10 78  6 75  7  7 12 82  5 31 
 7 75 13 13  4  9 11 11  0 49 10 15  5 57  2 84  6 77  1 80  8 41 12 82  3 68  9 64 14 50 
 5 39 11 64  4 88  1  9 12 97 14 99 13 27  7 48  8 18  6 49  9 50  2 26  0 54  3 80 10 77 
 9 66  4 87  3 27  8 47 14 68  5 75  6 31 13 25 11 49 10 85 12 86  7 12  1 26  2 82  0 78 
11 93 13 87  6 74  5 26 10 60  3 76 12  3  8 98  2 72  4 52  9 73  1 75  0 28 14  1  7 51 
11 79  1 13  4 14  7 27 12 14  3  5  5 58 10 32 14 38  2 67 13 70  0 86  6 28  9 94  8 33 
 1 83  5 67  7 18 12 20 13  4  6 84 11 22  4  8  8 91  3 89 14 25 10  8  0 69  9 85  2 46 
 4 64 10 18  7 12  8 43  3 78 13 65  0 20 14 53 11 32 12 49  9 25  6 10  1 43  2 30  5  3 
 8 99  4 29 11 50 13 99  1 53  9 65  0 23  6 49 12 91  5  1  2 86 10  7  3 68  7 71 14 89 
13 13  8 19 10 31  5 94  6 78 14 43 11 16  7 56 12 76  0  1  1 11  4 24  9 13  2 62  3 55 
 5 43  8 24 13 85 11 20  9  6 14 44 10 49  1 41 12 67  6 47  4 25  7 86  3  6  0  6  2 30 
 2 68  9 92  4 15  0 80  5 29  7 72  8 22 10 41 12 49 11 36  3 97 13 80  6 23  1 77 14  4 
 1 51  4 34  8 10 10 96  6 74 11 80  9 65  5 75 13 14  0 83  7 13 12 78  3 61 14 43  2 58 
 1 69 10 56 13 15 12 89  5 22  4 21  6 89 14 16 11 59  7 83  8 20  2 33  9 11  0 67  3 90 
