20 15
 6 40  8 57 11 95  0 33 14 72 13 31  9 55  5 36  3 92 12 72 10 80  2 39  7  3  4 86  1 29 
 0 20  9 56  1 68  6 49  5 35 13 58 11 90  8 52  3 97  4 95 12 94 14 32  7 56  2 71 10 83 
 8 98  3  5  9 97  1 85  0 31 10  5  5 16 14 19 12 75 13 50  6 23  2 63  7 89 11 65  4 24 
 5 80  1 58  7 41 10 34  0 94  2 63 13  8 11 75 14 60  3 42  6 38  9  3  8 73 12 79  4 36 
 2 71  9 65  6 26  7 59  0 54  8 69 13 86  5 86 10 43  3  7 12 35  4 86 14 99  1 94 11 99 
 5 82  3 70  9 53  2 74  1 58  4 70 10 50  8 37 13 90  0 22 11  9 12 98  6 30 14 94  7 43 
 8 71  7 63 12 65  9 15  6 39 14 93  4 97 11 67  5  5  1 61  3 64 13 68 10  2  0 31  2 17 
13  7  7 10  6 65 11 63  2 92  0 90 14 85  4 81  3 32  1 62 10  5  8 21  9  5 12 49  5 36 
 1  9 14 31  0 77 10 49 11 24  8 67  7 66  5 37  9 82  3 69  4 63  6  4 12 62  2 52 13 66 
13 67  1 73  3 87 14 28  5 43  9 13  2 18  0 73 11 69  7 20 12 97  4 73 10 64  6  8  8 13 
10 85  5 30  9 80 13 64  6 18  8 72 11 66  4 72 14 28  0 13  7 17  2 55 12 17  1 42  3 58 
13 87  9 36 14 87 10 27  3 23  7 72  2 49  5 79  6 30 11 17  8 57  1 56  0 82 12  4  4 66 
 5  6  9 62  7 78  8 78 10 62 13 17  2 43  6 18  1 53  0 16 12 66 11 20  3 69  4 49 14  4 
 9 34 11 89  6 23  7 69  2 12  8 59 14 50  3 57  0 85 12 16  4 55 13 82  5 61  1  5 10 36 
10 71  2 19  1 96  5  9  0 85  3 88 14  3 11 68  4 52  8 29  9 29  7 22 12 10  6  9 13 65 
12 23 14 34  0 73  2 34 10 85  5 40 13 73  3 15  7 51 11 91  1  1  9 43  6  7  8 63  4  7 
 8 18  6 62 12 97  4 49 13  4 10 71  5 68  7 51  9 42  0 40  1 32 14 92  3 11  2 46 11 99 
14  1  5 93 12 46  4 12  1 11 13 82  6 56  2 39  8 84  7 43 10 77 11 22  9 23  3 47  0 43 
 7 98  2 38  6 92  3 72  8 78 14 70  5 47  9 32  4 84 13 84  0 63 11 95 12 59  1 26 10 14 
10 80  7 53 13 72  4  9  5 89  3 30  6 35  1 34  8 52  0 87 12 97 11 34  9 73 14 68  2 31 
