20 15
 1 70  6  6 10 29 14 55  7 14  5 33 13 66  4 14  3  7  8 57  0 55  9 18 12 62  2 46 11 92 
 0 30  9 53  3 19  2  1  8 98  5 81 14 63 12 62  6 10 11 15 10 73  7 75  4 80  1 84 13 97 
 1 42  6 61  2  6 11 60  3 24  4 70 10 78  9 11 12 35  8 38  7 61  5 90  0 74 14  1 13 60 
12 76 14 84  8 72  9 17  5 27  3 86  0 84  1 71 13 90 10 27  6 13 11 98  4  3  7 57  2 66 
14 38 10 58  8 80  6 24  0 50  4 76  5  6  9 12 11 26  3 14  7 35 13 38  1 55 12 33  2 42 
 8 77  2 87  9 59 12 19  3 84  0 85 13 63 14 51  5 18 11 29  7  2  1 13  4  1  6 25 10 54 
 5 19  3 83  8 71  7 22  0  4 12 68  4 68  2 88 14 80  6 55 10 11 11 19  9 39  1 68 13 37 
 5 38  8 98 12 11  1  3  7 33  4 43  2 19  9 90  6 56 14 83 13 76  0 97  3  2 10 76 11  1 
14 25  8 65  7 88 12 56  6 75 10 48  0 40  1 19 11 39  9 40  5 43  4 99  2 23  3 74 13 39 
 0 97 14 66  2 54  5 29 10 23  4  9  9 74  7 46 11 85  6 98  3 74 13 12  1 71 12 65  8 25 
 1  3  3 40 11 81  0 74  9 67  5 93  2 76 14 16  6 12  7 67  8 52 12 20 13 24 10 71  4 90 
12 13  8 59  3 95 10 79  2 46  0 16  7 67  9 67 14 64  5 85  4 85  1 27 11 26 13 56  6  1 
 1 64  6  1 14 29  2 66 11 32  4 35  8  8  3 26 13 94 10 94  0 62  9 42 12 60  7 56  5  7 
 1  3  4  7  9 40  3 93 11 55 14 75  8 25  0 21 13 30 10 82  2  1  6 58  5 53  7 88 12 19 
 2 66  7 88  3 48  1 77  8 38  4 78 14 16 11 41 12 93  5 38 10 25  0 51 13 14  6 98  9 61 
10 33  2 23  4  7  6 60  1 74  9 54  7  2 12 22  3 32 11 15 13 79 14 83  5 69  8 41  0 19 
 2 61  0 26  5 66 14 85  4 34  6 15 11 59 10 75  8  3  7 80 13 39  1 69  3  6  9 73 12 65 
 3 96  0  6 11 52 14 22  5 35 10 79  4 16 13 72  9 29  6 26  8 52  1 58  7 57  2 31 12 74 
 1 42  0 79  7 84  5 25  9 70  8 90 14  8 13 60  2 81 10 88  4 11  3 71 12 61 11 49  6 81 
 1 52 12  3 14 57  4 66  7 88  9 42  8 23  3 72  6 97  0 91 10 50  2 43 11 82 13 62  5 27 
