20 15
 8 78  1 22 10 89  7 46  9 42  5 59  6 13  3 90  2 41 13 69  4 71  0 13 14 48 11 97 12 62 
 1 87  9 56  4 44  5  1  0 74 11  3  6 89  7 77 12 29  2 17 14 12  8 60 13 92 10 35  3 24 
 6 57  2  6  8 73  9 36  3 57  5 25  4 94 12 21 11 46  7 89 10 47 13  2  0 57 14 67  1 55 
 4 74  9 40  1  1  2 37 13 52  3 84  6 50  0 39 12 65  5 80 10 44  7 70  8 25 11 27 14 12 
 6 15  7 72  9 25 13 69 11  8  1 96  5 14  0 13 12 31  3 74 14 13  2 91  4 39  8 57 10 46 
 2 95 12  2  6 68 13 22  8 40  4 33  1 36 14 32  5 50  9 32 10 10  0 63  3 85  7 16 11  1 
13 15  2 98 12 21  5 10 11 35  6 76  8 29  4 64 10 34  7 25  1 88  0 30  3 52  9 43 14 45 
 9 14  8 21 14 86  7  2  3 19 10 78  1 92 12 85  4 54 13 61 11  6  6 13  5 85  0 87  2 43 
14  8  3 58  6 67  8 16 12 99  9 33  4 14  5 47  1 21  7 77  0 64 10 29  2 73 11 10 13 47 
11 55  4 84 14 55  8 26 13 83 10  6  9 99  0 51  5 28  6 63  2 93 12 52  3 86  1 68  7 46 
 6 43  2 19  8 32  0 36  3 18  5 60  7 97 10 13 14 48  9 36 11 79 13 14  4 69  1 15 12 23 
 9 12  1 68 14 36  0 72 13 90  2 68  7 28  8 13  5 18 11 68  4 49 10 52  6 50  3 63 12 10 
 8 76 11 75 12 73  3 40  7 58 13 23  6  6  1 31 14  5  5 16  9 73  2 41  4 47  0 67 10 37 
 8 93 12 58  7 58 11 93  3 21 14 90  6 13 10 82  5  6  1 62  2 52  9 44  0  4  4 29 13 20 
10 98 13 66 12 63  8 63  3 71 11  9  5 10 14 94  0 93  4 77  2 47  6 40  1 24  9 96  7 56 
 8 33  6 18 10 95 14 80  1 87 11  3  3 72  5 18 12 30  9 32  2 93  4 10  0 86  7 58 13 45 
13 69  2 83  8 62 14 77  7 41  0 13  9  8  6 87  3  3 11 65 10 40  5 11 12 32  1 71  4 86 
 0 21 13 77 12 76  6 77  7 61  2 82 11 76 14 42  8  6  3 88  4 51 10 50  1 29  5 63  9 18 
 9 87  6 16  2 98 12 27  0 58  8 59 11 69  4 95  5 85  1 80  7 97  3 88 14 11 10  8 13 42 
 2 25  8 16  6 20 12 67 14 85 10 74 13 48  5 44  0 95  7 28 11 66  9 34  3 25  4 94  1 19 
