20 15
 7 84  0 58 12 71  4 26  1 98  9 36  2 12 11 30 10 87 14 95  5 45  6 28 13 73  3 73  8 45 
 4 29  8 22  7 47  3 75  9 94 13 15 12  4  0 82 11 14 10 35  1 79  6 34  5 57 14 23  2 56 
 1 73  4 36  7 48 13 26  3 49  8 60 10 15  5 66 12 90 14 39  9  8  6 74  2 63  0 94 11 91 
 5  1 11 35  9 23 12 93  7 75  1 50  6 40 13 60  8 41  2  7  0 57 14 72  3 40  4 75 10  7 
 4 13 11 15 12 17  1 14  0 67  9 94  6 18 13 52  2 53 14 16  5 33 10 61  3 47  8 65  7 39 
 2 54  6 80  3 87  8 36 14 54  0 72  4 17 10 44 11 37  1 88  7 77 13 84 12 17  5 82  9 90 
 4  4 14 62  5 33 10 62  8 86  7 30  6 39  1 67  0 42 12 31  9 83 13 39 11 67  3 67  2 31 
 7 29 10 29 11 69 14 26  3 55  2 46  4 53  5 65  1 97 12 24  9 69  6 22 13 17  0 39  8 13 
14 12 11 73  0 36 13 70  3 12  2 80  1 99  8 70  5 51  7 14  4 71 12 28  6 35 10 58  9 35 
 0 61  5 49 12 74  1 90 13 60 10 88  9  3  4 60  2 59  8 94 14 91 11 34  7 26  6  4  3 26 
 4 89  3 90  8 95 12 32  9 18 11 73  2  9 14 19  5 97  7 58 13 36  6 62 10 13  1 16  0  1 
 9 71  6 47  1 95  0  7 14 63  7 49 13 24 12 46  2 72 11 73  5 19  8 96 10 41  3 15  4 81 
 4 45  3  9  0 97 14 62 13 77  9 78  7 70  2 19 11 86  8 15 10 23  1 46  6 32 12  6  5 70 
12 74 10 46  3 98  6  1  4 53  5 59  0 86  7 98  2 76  8 12 13 91 11 98 14 98  9 11  1 27 
14 73  7 70  5 14  8 32 11 19  0 57  2 17 13 96 12 56  4 73  6 32  1  7 10 79  9 10  3 91 
 6 39 14 87 12 11  2 81  7  7  5 79  8 24 13  9 11 58  9 42  0 67  3 27  4 20  1 19 10 67 
 9 76  5 89 14 64 10 14 12 11  1 14  4 99 13 85  0 81 11  3  3 46  2 47  7 40  6 81  8 27 
 9 55 12 71  4  5 14 83 11 16  8  4  0 20  7 15  5 60  3  8  1 93 10 33  6 63 13 71  2 29 
12 92  2 25  3  8 14 86  5 22  1 79  6 23 11 96 13 24  9 94  7 97 10 17  8 48  0 67  4 47 
 3  5 12 77 10 74  5 59 14 13  0 57  9 62  8 37 13 54  6 69 11 80  1 35  7 88  2 47  4 98 
