20 20
10 84  9 45 16 53 18 48 17  9  5  9 14 39  2 79 13 83 19 50 12 24  3 49  8 81  4  5  1 70 15 89  0 91  6 25 11 80  7 36 
 4 75 19 48  5  6  6 32  2 68  7 23 16 44 12 21  9 42 11 13  8 74 13 31 14 62  3 91  1 65 15 66 18 26 17 96  0 97 10 51 
10 49  3 26 14 35  0 64 16 55  1 78  2 72  5 83  7 59 15 16 17 92 13 68 19 64  4  4 11 76 12 82  9 70 18 75  8 65  6 31 
 1 55  8 58 17 37 11 32  0 31 10 65 12 65  5 85 13 50  4 94  6 37  3 20 15 94  7 20 16 31 14 30  9 49  2  8 19 22 18 47 
13 81 16 68 18  2 10 69 15 38  4  7 14 81  5 79 19 76  2 94 17 65  0 11  6 98  7 38  3 95  1 93  9  9 12 21 11 17  8 79 
 5 64  7  7 15 94 19 29 17 77  4 75 12 50  2 78  3 57 18 29  8 66 13 93  0 74  9 73 14 80 10  8 11 26  6 87  1 69 16 85 
10 49  3 59 12 91  8 59  9 25 16 44 19 50  6 41 13 33 11 89 17 79  0  3 14 54 18 82  1 63  4 31 15 15  5  2  7 67  2 71 
 4  4 14 20 18 23  3 33 16 65  7 44  9 57 10 20 17 93 11 23 15 18  0  8  5 72  6 54 19 18 13 93 12 43  1 18  8 56  2 21 
 8 58  4 25  7 34  5 89  9 54 19 89  3 12  0 51 13 74 14 78 11  4 17 72 16 81 10 92  1 69  2 35 12 25  6 35 18 10 15 33 
11 33 19 84 12 75  4 66 18 49  6 77  8 87 13 44 15 37  2 67  0 33  1 75  3 65 17 44 16 66 10 45  5 93  9 98  7 22 14 67 
 0 17 17 26  1 54 18 25 13 92 12 34  6 47  7 80  2 24  5 92 15 75 10 68 11 84  9 72 19 84 16 94  4 69 14 96  3 34  8 29 
 0 66 10 79  5 74  8 67  2 72  1 22 15 50  7 30 18 47  3 75 12 43 13 44  9 71 17 61 19 54 11 99 16 11  6 97 14 75  4 81 
16 35 13 75  4 99 19 72 18 92  6 90 10 26  5 91  9 70 17 82  1 13 12 45 14 82  8 58 15 38 11 19  3 66  0 23  7 49  2 19 
17 82 13 74  4 40 12 33  7  9  0 33 11 26  3 44  2 18  8 73 16 41 18 96  1 39  6 91 14 89 15 11 10  1 19  2  5 69  9 10 
12 25 10 32 16 41  5 14  9 67  0 25  6 94 18 89  1 21  2 98 15 92 11 72 14 57  3  4  8  1  7  2 13 84 19 91 17 42  4 85 
 7 29  1 98  4 41 13 87 16 52 12  9  9 22  3  2 14 79 18 73  0 16 10 22  5 97 17 13  8 19  2 13 19 50  6 43 15 91 11 34 
14 91  8 41 18 47 17 61 15 66 19 31  3 92 12 42 16 19  0 98  2 36  1 29 13  8  5 25 10  5 11 90  9 62  7 63  6 17  4 23 
 8 69  9 78 15 61  7 52  5 40  1 71  0 40 18 61 14 93  2 37  6 32 12 48 17  7  4 37 10 69 19  4 11 79 13 81 16 10  3 75 
16 90  4 16 15 68 14 32  8 96  7  7 18 42 19 52 12 38  5 68  6 72  9 78  1 10  2 61 13 40  3 31  0 81 11 69 17 84 10 27 
 4 91  8 17  2 75 14  7 15 44  6 10 13 32 17 78 12  9  9 69  7 45  5 87  3 90  1 50  0 42 11  2 19 21 10 62 18 93 16 88 
