30 15
13 79  0 31 10 42  2 88 12 16  8 99  5 82  6 53  4 29 14 49  1  9 11 15  9 92  3 73  7 98 
 7 76  3 89  0 48 12 15 13 54 14 37  8 53  1 63 10 44  4 91 11 13  2 73  6 42  9 99  5 41 
12 49 14 52 10 25  1 89 13  3  5  2  3 40 11 44  6 94  2  7  4 68  7 73  8 73  0 30  9 14 
14 28 13 49  1 13 12 87  7 62  0 10  4 29  5 62  3 34  2  7  6 47  8 40 11 57 10 80  9 86 
 7 39  5 12  1 34  3 91  8 48 12 71  2 45 13 98  0 23  4 91  6 90 10 41 11 90 14 54  9 87 
11 30  5 63  4 57 14 36 10 72  3 54  0 69  9  9  7 53 12 72  6 68  2 33 13 61  8 12  1 89 
 5 65  8 40 12 34  9 37  3 64  2 62 14 14  4 78  1  1 13 65  7  2  0 67 11 56  6 75 10 26 
 7 22 14 98  5 67  9 56  3 41  1 89  4 25 10 94 12 76  2 37  6  8 13 84 11 73  0 65  8 74 
10 44 14 33  6 41  5 52 13 86 12 11  3 60  8 87  0 13  7 40  2 62  9 47  4 39 11 65  1 77 
 6 88  5 31  4 63  3 49 12 50 14 77  7  6  9 80  1 20 13 30 11 11  8 41  2 43  0 74 10 73 
 5  7  1 69  0 69 11 53 13 52  6 33 12 19  7 84  2 12  9 36  3 85  4 74 10  2  8 97 14 52 
12 33 13  8  0 74  3 75  2 51  5 64 10 55 11  7  4 81  1 82  7 70 14 33  9 84  6 37  8 48 
11 54  0 97  9 79 12 71  7 70  2 84 13 28  8 14  5 20  4 99  3  6  1 30 14 51  6 68 10 41 
 5 10  8 90 13 14 10 72 14 30  7 77  9 69  0 56 12 78  2 55  6 98  4 91 11 27  3 36  1 86 
 9 92  3 97 10 71  5 13  2 93  6 65  7 44 11 46  4 71  1 69 12 26 13 18 14 31  8 10  0 47 
 1 47  7  5  2 14  5 47  6 81  9 84 10 62  8 91 14  5 11 58  4 77 12 55  0 49  3  5 13  5 
13 46 11 96  5 61  2 67  0  2  6  9  8 94  9 38 10 66  4 25  7 67  1 57 12 79 14 74  3 47 
 9 74  8 52  1 50 10 43  3 93  2 30  6 85 11 75  0 58  7 47  5 70 12 42 13 62 14 58  4 81 
 5  5 12 42  3 63  0 42 13 28 10 40  7 36  9 49  6 65 14  6  1 14  4 20  2 85  8 41 11 70 
 5  7 10 36 11 54  7 91  4 98  6 31  9 33  0 72  8 21 12 61  2  1  3 30  1 85 13 79 14 32 
10 79 14 82  3 49  1 51 11 43 13 16  9 44 12 62  6 20  8 12  0  7  5  1  2 64  7 21  4 37 
14 94 12 75  8 56 13 25  6 89  9 72  5 84  2 71  7 74 10 83  3  6  1 69  4 87 11 19  0 68 
11  7  8 29  7 15  6  3  0 62  9 53 13 92 10  1 12 27  5 21  2 66 14 92  1 19  4 22  3 48 
 1 75  9 12 12 46  7 37  5 72  8 35 13  6  2 32  3 50 14 33  6 14  0 34 10 93 11 83  4 11 
 2 87  5 56 13 70  0 81  9 80  3 58  8 75  1 48 12 55 14 92  6  9  4 16 10 41 11 71  7 63 
 1 29  8 66  7 18 14 55 10 53  3 81  5 47  6 86  4 33 12 30 13 75 11 73  0 27  2 51  9 67 
 2 60 14 17  3 18 13 61 10 82  5 72 12  5  7 92  1 75  8 91  0 89 11 35  4 53  6 68  9 85 
14 82  4 54  3 96  2 19  9 20  0 67  8 27  6 77  7 59 11 87  1 40 13  7 12 46  5 32 10 84 
 9 69 12 52  5 26  4 65  2 89  3 51  0 79 13 51  8 27  7 91  6 23 10 59  1 99 11 51 14 70 
11 62  6 57  7 30  8  5  5 30 14 13 13 39  3 31 10 16  1 68 12 32  0 83  2  4  9 27  4 27 
