30 15
10 36 11 32  9 40  8 47  1 87  7 55  6 77  2 27  5 89 13 72  4 93 14 15  0 98 12 95  3 32 
12  7  8 42 14 84  3 76  1 44  7 66 13 47  6 72 10 24  5 68  4  5  2 35  9 13 11 55  0 73 
12 59  0  7  3 85 13 57 14 98 10 71  2 61  6 98  9  3  1 61 11 12  4 44  5  7  7 28  8  3 
14 16  3  3  7 97  2 27  6 97  5 93 10 19  8  9 11 70  1 19  0 92  9 27 13 76 12  1  4  4 
 6 71  5 53  7 36  4 63  9 16  3 35 13 27 10 36  1 79  0 92 14 23 11 60  8 49 12 52  2 19 
 7 48 11 88 12 68  9  6  8 63  2 25  3 28  5 67  4 62  1 53 10 51  0 65  6 97 13 15 14 79 
11 49 12 65  1 26  7 72 14 60  6 15  3 70  5 26  8 71  9 48 13 79  4 54 10 98  0 81  2 43 
 3 35  9 28 11 88 14 58  2 87 13 18 12  5 10 74  6 43  7 28  0 82  1 34  4 28  5 98  8 73 
 9 83  2 93  3 86 13 62 10 18 14 70 12 67  1 66  7 14  0 62  6 47  8 51 11 90  4  2  5 98 
 0 28  7 94  3  6 14 66  4 79  8 71 13 35  2 57  1 69  9 75 12 84  5 47  6 21 10 66 11 66 
 2 20 12 62  0 37  4 71 14 19 10 63  8 90 13 79  7 87  3 40  6 92  9 15  5  5  1 76 11 45 
 5 71  2 59  8 99  6 70  4 27 12 54  9 82  1 62 10  7  0  5 14 12  7 90 13 92 11 83  3 71 
14 90  5 79  0 48  3 66  7 86  1 87  4  3  8 49  2 84 12 98 11 46 13 58  9 74 10 11  6 21 
 5 56  2 49 14 93  6 11 12  5  4 32 10 19  9 96  3  7  8 80 13 96  7 17  1 22  0 45 11 84 
 4 93  9 18  0 25  6 69  1 65 10 40 13 85  3 19  2 88 12 78  5 35 11 53  7 46  8 73 14 16 
 2 36  5 18 12 36  4 34  1 64  7 80  6 87 14 40  3 39  8 63 13 42 10 74  9 34  0 87 11 49 
 6 84 10 79  1 63  8 15 12 73  2  1 11 58  9 27 14 67  5 81  0 18  7 35 13 52  3 34  4 95 
 2 64  0 48  4 82 10  1  3 11  5 19  7 27 12 93 14 42 13 83 11 12  9 37  8 55  1 66  6 42 
 5 77  6 13  8 55  0 15 10 72 11 20 13 71 14 45  7 39  2 61 12 73  1 93  4 34  9 62  3 66 
13 68  8 15 11 97  7 85  9 81 10 53  3 49 14 70  4 96 12 65  1 72  6 76  2 71  5 81  0 77 
 1 62  6 84 14 58  3 36 12 63 10 69  7 10 13 51  5 34  0 27  4 19 11 98  9 21  2 16  8 23 
 7 60 11 17  0 89 10 87  1 52  2 80  5 17  4 30  3 82  9 50 14 53  8 78  6 69 12 77 13 67 
 6 56  7 40 12 32 13 37 11 37  3 12  8 11  1 36 10 85  9 89  0 85  5 32  2 66 14 98  4 79 
 4 32  6 56  1 22 10 95 12 55  9 20 14 46  7  8 11 68  0 49  5 86  3 92 13 25  8 24  2 13 
 7 53  2  1 10 92  9 65  5 10  3 92  1 92 13 48 11 39  8 53  4 49 14 26 12 75  6 84  0  2 
 3 14  4 67 12 84  0 31  7 61 11 63 10 24  2 51 13 22  5 33  8 54  6  8 14 38  9  7  1 67 
11 68 12 10  0 55 13 30  6 26  2 17  1  4  9 98  5 55  7 45  3 27 10 76  4 96 14 65  8 60 
 0  9  9 24  8 22 12 40  3 47 14 73 10 72  7 70  2 66  1 19  6  3 11 97  4 98  5 85 13 51 
 4 54  2 19  7 72 11 38  6 18  3 84  1 71 10 80  8 46  9 25 13 29  0 57 12 92 14 41  5 75 
14 16  6 79  2 53  8 98 10  8  4 20 11  2 13 64 12 61  7 78  3 91  5 35  1 55  0 92  9 78 
