30 15
 7  7  0 11 12 34  5 56 11 14 10 33  8 95  2 64 13 12  6 22  4 87  3 32  1 54 14  5  9 55 
 7 57 11 11  6 33 10 56  3  9  1 71  4 99  2 31 14 52  8 33 12 96 13 46  9  1  5 48  0 55 
 1 90  2 57  8 80  5  8  4 36 10  7 12 41 14 31 13 31  6 48  7 68  9 19 11 25  0 38  3 88 
 7 87  5 24  2  1 10 49  1 63  3 27 13 98  6 22  8 35 12 18  4  7 14 55 11 55  9 87  0 29 
13 33 12 36  0 75  9 17  3  8  5 55 10 53 14 31  4 95  8 31  1 67  6 80 11 87  7  5  2 58 
 8 75  6 25  4 76  3 72  5 78 11 22  0 81 12 37  9 27  1 85 13 71  2 16 14 86  7 78 10 14 
 3 90  9 54  5 98 13 10  8 75 14  4 12 24 10 10  2  7  0 15  1 43  6 90  7 81  4 49 11 88 
 6 96  8 81 14 92  3 31 10  9 11 65 12 35  4 98  7 85  1 37  9 43 13 96  2 91  5  1  0 36 
12 40  8 45  3 94  0 21 14 87  6 68 11 35 10 63 13 37  1 53  7 98  5 94  9  6  2 25  4 72 
14 35 12 55 10 26 11 98  3 23  5 65  8 88  2 71  9 35 13 59  0 84  4 31  7 76  1 13  6 89 
11 77 13 34  7 60  9 76 12 58 14 63  2  2  5 44  8 91  6 42 10 53  3 45  4 45  1 59  0 99 
 9  6 10 56 11 47  4 95 13 36  8 63  1 85  2 47 14 60  0 35  5 82 12 90  6 30  3 76  7 94 
 9 58  3  2  6 69  4 19 10 64  8 27 12 17  5 33  1 48 14 81 11 86 13 28  0 94  2 71  7  3 
13 93  7 40  5 95 14 36  0 38  6 47 12 24  9 97 11 11  3 55  2  7  1 68  4  3 10 44  8 47 
10 79  2 33  9 65  5 57  3 55 14 78 13 31  1 60  4 79  0 25  7 76 12 96 11  5  8  5  6 38 
 1 75  4 29  3 77  9 50 14 31  0 50  5  5  7 25  2 70 11 38  8 91 10 71 12 84  6 80 13 76 
13 64  3 85  5 96  9 11  7 73  1 41  4 50 10 27  6 40 11 54  0 63 14 74 12 84  2 76  8 58 
14 66  0 75  1 54  9  4  7 16 11  6 10 89 13 29  6  3 12 10  2 93  5 53  4  8  3 59  8 22 
 7 17  5 76 11 84 14 45  8 70 13  5  3 55  6  7  9 26  4 59  1  2  2 18 10 66  0 58 12 99 
 5 57  1 84  8 50  2 54  6 92  9 34 12 58  7 51  4 34 10 60 13 42  3 66 14 18  0 11 11 59 
 8 85  5 31  1 29 11 18 10 46  6 29  7 49  4 37 12 42 13 18  0 77  9 67  3 61 14 46  2 91 
 9  2  2 66  5 75  4 83  0 63  8 62 14 71 10 20  3 42  1 59  6  4 11 67 13 95  7 76 12 80 
14 46  1 83  0  7 12 37 10 60 13 76  6  6  3 84  8 82 11 94  5 36  4 79  2 46  9 90  7 94 
10  8 12 60  1 99  7 70  5 22  8 91 11 68  9 87 14 11  3 51  2 66  6 19  4 28  0 47 13 66 
13 91  2  2  1 39  5 12  4 11  8 17 14 86  0 68 11 88 10 86  7 78 12 75  6 86  3  5  9 79 
 1 18 13 90 10 91  0 21 12 45 11 31  4 66  3 49  7 95  9 11  8 57  5 31 14 36  6 57  2 88 
 5 56  7 18 10 45 14  9 12  4 11  2  2 96  0 60  9 45 13 57  4  5  6 49  1 90  3 31  8 97 
11 95 10 96  9 41  7 75  8 61  1 65  3 19  6 38  2 78 12 85  0 29 14 65 13 77  4 67  5 84 
 2 64  8 62  0 52 10 21  1 82 13 27  5 93 12 65  3 32 11 47  4 66  7 39 14 45  6 78  9 26 
 1 22  8 52  5 36  3 31  6 41 13 92 11 98  0 68  4 57  9 32 10 82 12 39  2 83  7 48 14 85 
