30 15
 4 96 12 47  9 40 11 68  5 49 14 91 10 57  0 81  2 87  1  6  7 82  6 47  3 97  8 94 13 75 
 0 42  9 55 14 82 12 61  1 67  4 79 11 39 10 43  6 62  3 41  2 78  7 36  8  8  5 21 13 91 
 0 52  5 28  3 48  8 25  7  2 14 98 12 95 13  7  9 68  4 96 10 72  2 50 11 68  6 54  1 37 
 6 81  5 59  3 46  4 61 14 43  8 71 12 24 10 71  7 30  2 87  1 86  9 10 11 10  0 93 13 94 
 8 30 13 71 10 65  0 13  6 30  2 22  7 46 12 70 11 88 14 78  1 79  5 57  3 71  9 58  4 36 
 5 68  9 32 13 32  2 15 11 98  0 95  7 57 14 66  4 43  6 31 12 34 10 60  8 73  1 56  3 40 
 9 27 10 42  7 24  8 12  1 22  4 57  6 93 13 58 14 67 12 64  0 30  3 16  2 21 11 19  5 33 
 7 43  9 51 11 53 13 62 10 58  1 38  5 84 14 65  8 87  2 26  4 95  6 61  0 77 12 49  3 49 
10 93  3 81  2 55 14 59 12 70 13 68  8 97  6 57 11 48  0 92  1 82  9 89  7 87  5 13  4 54 
11 60  3 33 10 66  1 96  0 23 14 36 13 28  2 53  5 78  4 78  7 94  6 72  9 47  8 28 12 87 
 5 98  2 89  9 27  8 34  3 88  4 15 10 64 12  5  1  4 11 63 13 69  7 82 14 29  6 53  0 69 
13 97 14 87  1 50  0 68  9 76  2 74  4 89 11 15  3  5  5  2 12 79  6 59  8 93 10 19  7 86 
 1 60 14 47 12 13  9 62  5 95 11 67  3 89 10 11 13 29  4 52  0 62  2 31  8 51  6 55  7 39 
11 76  4 92 13 85 14 20  7 61  6 14  2 62  9 52  1  5 12 63  0 29  5 85  3 79  8 52 10 51 
 6 61 13 45  0 93  5 51 11 97  9 46  3 88 12 28  2 57  8 45 10 23  4 91 14 66  1 73  7 41 
 8 49  4 58  7 32 13 30  6 59 14 57  9 14  1 33 12 14  5 59  2 41  3 59  0 50 10 67 11 53 
 7 94 11 52  2  7 12 51 10  8  1 99  5 97 14 66  3 98  8 58  6 52  0 43  9 80  4 23 13 18 
 6 97  8 57  9 72 13 97 10 12  3 70 14 33 12 72  7 14  1  2  4 99  0 30  5 18  2 95 11  2 
12 64 10 75  7 63  4 14  1 55 11 10  0 89  6 89  3 24  8 32 14 70  5 79  2 71 13 42  9 14 
 9  1  5 82 12 27 11 22  2 44  7 97  0 76 13 16 14 27  1 24  6 98  8 25  3 82 10 75  4 15 
 7 26  3  4 13 18  8 51  6 47 11 27  2  6 14 84  4 72  9 29 10 91  1 76  5 78  0 36 12 93 
 0 35  1 39  2 89  6 53 14 85  5  7  3 90 12 16 10 70 13 49  7 73  4 13  9 12  8 89 11  9 
 1 56  3 40  6 51  5 47  2 77  8 65  0 84  7 93 10 54 14 66 12  6 11 36  9 87 13 41  4  7 
 6 56 11  1  9 57 13 45  3  3  0 14  1 74 10 29 12 65  2 43 14 13  4 42  7 67  5 45  8 78 
 2 81  3 72  0 99  4 52  9 69  1 39 12 74  5 47 10 29  8 73 13  6 14  5  6  2  7  8 11 25 
 7 17  4 64  9 97 11 94  3 99  5 68  1 36 10 21 14 22 12 61  8 43  2 93 13 82  6 91  0 86 
 9 20 12 28  7 98  5  7  2 18 10 37  4 60 14 47  8 62  6 75  1 42  0 52  3 97 11 46 13 98 
10  9 14 15 11 85  0 55  4  7 13  6  1  3  9 27  7 11  6 31  5 90 12 81  3  5  8 86  2 30 
13 53 14 87  5 93  4 62  6 19  1 12  0 53 12 73 11  4  3  1 10 65  2 35  9 65  7 23  8 40 
14 13  6 22  8 34  2  5  7 68  5 81 11 53 10 66  4 96  0 50  3 40 13 70  1 92 12 13  9 43 
