30 15
 2 81 13 59  1  8  9 88  8 14 12 18  4 22 10 52 11 75  3 33  6 23  7 69 14 42  5 26  0 54 
 6  4  3 79  0 76 10 59 13 42  7 28  4 75 14 60 11 41  5 14  1 99  8 58 12 41  9 66  2  1 
 4 37  6 63 12 46 11 79  0 38  7 44 14 18 13 45  5 55  1 78  9 79  8 27 10  6  2 21  3 70 
11 58  4 63 14 56  0 27  1 37  9 51  2 37  8 31  5 24 10 73 12  7  3 72  7 34 13 32  6 27 
 0 95  5 33 11 81  1 23  7 26  4 12 14 32 13 60  2 89  6 78  3 20  9 35  8 35 12 34 10 17 
11 64  5 11  3 58  2 70  0 31  1 74  4 82 12 31  7 65  8 90 13 63 14 81  9 80  6 70 10 82 
11 99  9 28  6 63  7 81  2 86 14 10 12  7  5 17  1 22  3 45 10 92 13  1  4 37  8 37  0 43 
 4 86 11 92  8 74  2 93  5 42  6 28 12 59  7 77 13 81  0 41  9 11  1 45 10 62  3 22 14 57 
 1 12  2 90 12 70  7 89  5 37 13 56 10 21  9 74  4 63 14 39  0 37  8 83 11 78  6 66  3  6 
11 38 12 67  8 27  7 11 10 45  3 21  6 73  9 47  2 31  1 24  0 59 13 91  4 46  5 48 14 42 
 3 63  2 17 14 59  7 27  9 81  6  7 10 19  0 52 11 74  1  9  5 50  8 59 12 41 13 64  4 96 
 1 81  5 91 13 10  6 46  8 65 10 73  3 59  2 93 12 75  0 47  9 61  4 86 14 65  7 29 11 21 
 2 63  8  9 13 81  5 37  9 32  0 62 12 93  1 63  6 53  3 99  7 62 11 10 14 85  4 43 10 25 
11 26 12 46  9  7 13 50 10 68  4 81  5 88  7 66  8 90  3 51  2 62  0 29  1 87 14 41  6  8 
11 90 13  8 12 63  7 57  6 23  5  5  0 20  1  6  3 31  9 42  4 86  8 76 14 98 10 45  2 86 
 0 11  2 94  1 42  6 95  9 43  3 51 12 42  5 39 13 82  8  1  7 96  4 36 14 74 10 74 11 74 
14 12  8 77  1 13  3 31 13  9  4 39  0 57  2 25 10 55 11 60 12 87  6 55  7 85  9 12  5 78 
 3 55  5  4 10 12  1 42  4 46  6 89  8 44 14 33  7 15 11 73 12 47  9 72 13 81  2 79  0  6 
 0 77 12 44  1 62 13 17  3 70  4 19  9 69 14 70 11 30 10 97  8 82  5 36  2 19  7 33  6 50 
 1 98  9 42 13  4  7 26  0 84 10 34  2  3 11 59 14 52 12 70  8 49  6 42  4  6  3  7  5  6 
 4  2  2 84  3  1 12 76 13 10 10  2  6 75  7 10  9 97  8  3 14 18 11 53  5 31  0 84  1 17 
 8 63 11  6  3 77  6 85 12 20  2 28 10 81  9 76  7 33  4 76 13 27 14 87  0 13  5 37  1 62 
 4 20  1 70  6 89 10 60  8 64  3 39 11 67 12 78  2  7  9 46  0 25  5 49 14 27 13 76  7 98 
13  3  9 22  5  9 12 66  6 39  8 51  3 30  1 92  7 94  2  8 11 24 14 27  4 88 10  9  0 65 
 3 79 10 33 14 62  5 85 11 17  7 64  8 66 13  2  1 71  6 88  4 64  9  3 12 44  0 60  2  6 
 0 91 12 24  6  5  1 31  4 53  9 53  7  8 10 15 14 11  5 53 13 22 11 83  8 50  3 81  2 52 
10 87  2 62  0 84  5 91  4 53  9 17 13 72 14 13 12 92  8 92  7 16  3 13  1 13  6 69 11 44 
 9 83  3 62  8 61 13 26  4 14  6 69 14 34  5 61  2 12 12  2  0 27 10 51 11 64  1 14  7 82 
14 54  2 82  6 68 10 83  1 71  5 81 11  6  7 42  0 22  9 22 13 94  4 25 12 53  8  5  3 70 
 6 67  7 72 12 47  5 35  4 78  9 34  1 67 13 86  2 89 10 69  8 46 14 57 11 87  0 22  3 87 
