30 15
 5 20  3 56 12 69  6 15  9  6  1 75 14 84  4 24  2 64 13 37 10 79  0 95  8 27 11 60  7 35 
 1 27  7 58  0 56  2 30  4 30 11 57 10 55 14 63  5 32 12 43  8 44  3 74  9 46  6 11 13 41 
 9 43  1 75  6  8  4 71  0 50 10 56  5 13 13 14  7 99 11 57 14 86  2 28  3 37  8 83 12 70 
 5 68  8 66  6 27 14 33  1 47  0 73  3 87 11 70 12 21 10 22  7 30 13 10  4 11  2 10  9 17 
 0  6 11 49  1 11  5 69  9 50 13 50 14 12  2 73  7 84 12 92  3  1  8 84  4 88 10 52  6 46 
12 14  1  7 10 11  7 79 14 45  9 22  0 85  2 67  6 64 13 75  8 22  3 35 11 65  5 30  4 68 
 8 67 12 17  3 58 11 20  6 45  5 55  2 53  7 10 10  3 13 66 14 63  1 36  4 93  0 40  9 85 
 8  8  4 27 10 68  0 39 14 24  2 67 12 32  1 42  6 54  9 18  3 58 13 75  7 37  5 63 11 16 
12 83  5 27  3  3  8 25  4 68 11 63  7 33 14 86  2 12  1 22 13 75  6 16  9 44 10 80  0 48 
 0 93  9 54  5 81 14 14  1 69 13 66  6 20 11  2  7  6 10 88  4  7  8 73  2 66  3 66 12 81 
13 62  6 81  4 36  7 86  2 95  8 92 12 46 10 10  5  6 11 18  0 41  1 70  3 29  9 22 14 15 
 6 47  0 38  7 59  8 97  4 62 13  9  2 21  1 30  9  8 14 23 12 74 10 48  5 14 11 68  3 55 
 6 67  0 26  4  3  7 83  2 73 12 19 10 12  8 81 13 15 11 34 14 88  9 54  3 35  5 58  1 69 
 3  7 12 42  5 32  1 93  6 97  4  4  7 98  2 80 11 90  9 58 13 40 14 15  0 34  8 58 10  3 
11 68  3  3  1 39 13 51  7 71  9 77  8 44 14 43 10  6  4 38  6 10  2 81 12 42  0 28  5 65 
 7 29 13 12  9 64  4 55 10 77  2 20  0 78  6 39  5 88  3 47  8 81  1 41 14 18 11  7 12 40 
 7 61  5 26 14 24 10 60 13 76  6 57  3 67  2 28  9 61 12 60  4  3  8 20  1 47  0 26 11 90 
13 33  7 82 10 36  1 51  5 97 11 19  8 63  0 27 14 35  6 28  4 26  3 13 12 66  2 11  9 26 
 5 49 10 71  7 99 11 67 14 77  1 20 12 96  0  1 13 88  2 21  4 81  6 84  3 49  9 92  8  7 
10 83  7 17  5 92  2 87 11 17 14 61  3 31  9  1  0 67  6 80  4  8 12 16 13 50  8  9  1 69 
11 38  3 73  6 86  2 65  7 83 10 25  1 35 13 22  0 81  4 14  8 19  5 42 14 21  9 30 12 83 
10 67  9 61  0 96  3 44  4 13  5 38  8 51 11 90  1 84  7 30  6 13 14 60 12 20 13 14  2 82 
10 87  9 75  0 24  4 67  7 20  2 96  1 76 13 61  6 44 14 51 12 90  8 40 11  4  3 16  5 51 
 6 22  0 52  7 35 13 58  5  1  3 62 14  4  1 68  9  8 12 39  8 48  2 76  4 51 11 25 10 37 
 7 34  6 51 11 27  5 40 13 11 12 96  8 81  4 88 14 90  9 32  0 62  3 52  1 91  2 54 10 96 
 7 40  5  1 10  3  6 71 11 20 13 52  9 92  0 73 12 17  2 87  8 81 14 35  1 24  3 23  4 93 
13 58  7 65  2  1  9 81  1 34 11 48  0 82  5 32  8 23 10 44 12 20  6 80  3 85 14 56  4 90 
 7 82  9 61  4 68 14 65 13 48  2 88 12  2  3 76  8 37 10 72  0 18  6 11 11 33  5 24  1 65 
 9 94 12 14  7 17 11 25  4 57  5 81  0  8  1 81 13 59  8 97  3 43 10 34  2 55  6 36 14  2 
10 23 11 64 14  7 13 89  5 13  1 96 12 84  9 91  3 20  6  3  8 45  2 50  0  1  4 41  7 57 
