30 15
 5 76 11  4  1 98  9  1  6 51  4 92 13 75  3 47  7 35 10 70 12 21 14 20  2 79  8 81  0 63 
11 71  8 85  4  3  9 45  1 13  2 57 12 26  5 63 10 38 13 91  6 73  7 59 14 74  0 37  3 65 
 9 60  2 74  0 35 13 73 10 49  6  1 11 92  3  5  8 41 14  2 12 95  5 28  7 37  4 78  1 86 
12 95  1 73 13 23  5 77 14 47  0 24  8 29 11 88  7 69  3 49  4 28  6 66  2  4 10 41  9  3 
 5 28 10 26 12 71  8 81  7 36  2 96 14 95  9 45 13 10  4 55 11 87  0 65  6 54  1 26  3 60 
 4 40 11 36  2  5 14 78 12 63  5 96 10 25  8 86  1 85  6 56  9 25  0 30 13 98  3 78  7 41 
 2 90  3 15  0 89  6 87 14 52 11 59  7 22  5 42  4 46 12 60 13 54  8 87  9 22  1 97 10  1 
14 51  5 75  6  2  8 86  9 19 10 88  1 20  2 88  4 24  7 42 11 90  3 20 13 29 12 20  0 50 
13 11  2 96 10 92  0 94  6 78  9 63  8 44  7  8  4 68 14 77  5 52  1 74  3 43 11 10 12 87 
 6 75  1 78 14 27 10 27  7 82  2 91  4 88 11 76  0 37 13 43  9 52  8 71  3 45  5 99 12 70 
 4 47  6  8  7 99 13 85 11 11  8 16 10 24  5 10  3 10  0 12  9 37  2 39 14 38 12 76  1 91 
 5 62 13 98  9 68  2 14  0 57 12  2 14 52  7 36  1 58 10 54  3 99  6 57 11 52  8 90  4 58 
12 53  6  6  2 65  0 68 10 53  3 66 11 15  4 83 14 80  5 73  7 86  9 57 13 23  8 88  1 37 
 3 73 12 65  4 54 10 95  8 12  7 69  5  4  1  7  6 12 11 82  9  5 14 22 13 15  2  2  0 38 
10 59  6 49 11 29  5 69 13 79  3 57  1 27 12 62  0 57 14 22  8 29  2 42  7 59  9 20  4 86 
10 81 13 24  1 55  4 95 11  2  5 94  6 38  7 43 14 15  3 52  8 54  2 66  0 64 12 24  9 29 
 2 20  6 25  5 70 13  6  4  3 10  5 14 73  7 25  0 58  8 36  3 91 12 22 11 61  9 38  1 33 
14 61 13 20  2 21  1 22  4 22  9 69 11 98  0 12  3 30 12 98  8 28  7  8  6  7  5 51 10 66 
 7 77  0  3  3 11  8 23  2 56  4 30 10 77  1 64 13 52  5 70  6  3 12 97 14 93 11 54  9 15 
 0  1  1 22 11 99 14 34  5 48  2 15  9  9 13 67  8 85  4 41  6 13 10 48 12  7  3 66  7 55 
12 44 11 94 13 33 10 28 14 23  4 31  8 10  1 15  9 50  3 68  7  7  5 50  0 79  6 76  2 89 
10 73  0  2  1 76  4 26 14 50 13 93  7 93  9 35  2 64  3 42 11 17 12 26  8 60  5 73  6 57 
 0 79 11 56  8 22  5 39  6 27  9 38 14 14  4 55  2 64 13 99 10 28  7 97 12  7  1 92  3 71 
12  2  5  3  1 33  7 74 13 69  4 58  8 99 11 79  0 84 10 92  6 98 14 41  9 37  2 12  3 12 
 5 46  8 23  3 48  4 69 13 71  9  9 12 94 10 44  1  1  7 26  0 93 11 54  2 24  6 77 14 44 
 0 83 14 86  3  6 12 61  6 39 10 72  8  1  7  8  9 17 13 60  2 41  1 16  5 21  4 21 11  6 
 8 28  4 59 14 62  7 97  2 52 13 58 11 49 12 83  0 11  5 49  6 24  3 56  9 43 10 34  1 23 
12 75  2 82  0 75  3 94  5 67 13 15 14 23  1 57 11  4  4 51  8 23  7 40  9 63  6 97 10 20 
10 14  3 33  2 16 13 14  8 24  6  1 11 20  9 96  0 75  1 36  4 92  7 74  5 13 14 79 12 48 
 5 33 10 89 11 89  4 49  0 58  2 32  3 95  9 64 13 11  8 13 12 43  7 98  6 32 14 56  1 62 
