30 20
11 66 19 38 16 15  7  7 12 93  1 57 10 92  8 56  6 93 18 60  2 40 13 74 17 59 14 72  0 21  3 24 15 24  4 57  5 74  9 69 
 4 88 19 70  8 42 17 14  0 66  5  8  1 32  6 77 11 11 12 30 10 48 13 97  2 89  3 82 15 81 18 89 16 76  7 87 14 44  9 26 
19 53 10 82 14 37 11 85  3 31  2 81 13 24  1 67  0  3 12 12  9  8 18 72  4 87  5 69 16 19 17 35  7 97  6 46  8 73 15 12 
 2 31 15 50  6 74 19 12 17 52 14 89 12 67 13 52  1 21 11 11  5 31  4 69  9 35 16 99 18 24 10 93  8 87  7 15  0 20  3 66 
17 14  8 90 10 14 16 68 19  6  4 79  2 14  6 15  0 17  3 68  9 19 12 46 11 72  7 33  1 20 15 12 14 56 13 97 18 26  5 36 
 5 71  6 95 13  2 10 81 19 93 16 21  9 98  8 64 15 30 12 40  4 67  7 65 14 16 11 33 17 51  3 49 18 68  2 89  0 92  1 35 
 2 28 19 33  4 81  8 94  9 11  6 61  7 36  5 33 11 92  1 83 13 14 14 97 17 36 18 61 10 72  3 65 12 26 16 14  0  4 15 80 
16 70  7 96  1 35  6 11  5 99 12 83  4 39 10 43 14 87 15 19  8 14 18 46  0 91  3 17  9 32 11 32 17 38 13 46 19 96  2 22 
12 69  0 36  2  8  4 21  1  2  6 32 14 75 16 81 19 47  3 64 17 80  5 75 11 49  8 41  9 82 10 25 13 89 15 33  7 29 18 47 
 6  9 17 36 13 22 19 59 16 32 18 33 11 72 10 27  3 45  2 19 14 49  8 35  5 57  7 87 15 59  9 49 12 83  4 52  0 66  1 61 
12 24 18 53 11 61  7 31 17 14 10 19  6 26  9 91  3 53 19 41 14 77  1 66  4 81 15 32  0 29  2 83 13 13  5 31  8  6 16 21 
 0 45 18 89 11 29  3  7 15 47 10 47  5 25  4 45  7 60 13 28  8 83 19 68 17 12  2 37 14 69  1 46  6 47 16 91  9 20 12 45 
 3 23  4 55  7 60  6 52  5 17 15 75  8 54 13 76 17 35 12 61  9 51 10 84 18 38  2 94 14 30  0 14 11 78  1 29 19 99 16 88 
 5 14 12 22 14 99  6 59  3 89 10 44 13 98  7 56  8 22 17 33 15 41 18 46  4 65  0 85  1 38 16  3  9 19 11 39  2  5 19 72 
 7 12  4 27 10  8 13 13 11 26 16 35 18 33 12 49  8 29 15 39 19 37  1  1  0 74 17 22  2 38  3 31  9  6 14 98  6 86  5 69 
 0 72 17 74  4  6 15 58 11 27  3 21 14 19 13 97 10  8  7 70  8 49  1 25  9 39 16 95  5 71 18 81 12 88  6 11 19 93  2 71 
19 11  1 82 11 82 17 80  5 74 18 60  7 43 10 75 12  4  2 64  0 52  3 73  4 77 13 80  6 89  8 66 16 28  9 62 15 82 14 42 
 3 11 12 16  1 12 15 72  7 35  6 83  8 73  9 41 13 23 16 63 19 16 10 37  4 28 17 88  5 75 18 51 14 23  2 40  0  4 11 78 
11 53 10 30 15 85 12  8  7 67 19 35  9 58  4 29  8 54  2 16  1 58  5 73  6 15  3 82 17 76 13 88  0 71 16 57 18 63 14 13 
 0 34 13 17  9 36  5 96 15 84 14 84 17 29  6 56 11 83  7 84 12 52  2 37 10 41 16 93  1 79 19 93  4 37  8  1 18 45  3 33 
14 19  2 79 13 43 16 43  9 64 19  2  7 14  6 58 18 47 15 23  4 93 17 19  0 57 12 77  5 32  3 61 11 27  8 25 10 52  1 53 
16  3  9  1 17 73  8 81  6 88  4 56 19 58 18 14  7 88  2 68 14 16 15 78 12 48  5 30 10 68 13  5  3 47  0 28 11 71  1 19 
 5 39 19 72  2 37 16 33 10 53  6 95 13  8  4 13 11 23  1 40  3 15 17  6  9 25  8  1 15 22  7 30 18 10 12  7 14 59  0 14 
 4 37  0 98 10 81  2 73  1 58  8 27 18 22  5 39 13 98  7 35 19 98 14 73  6 25 15 73 17 72 16 79 12 54 11 94  9 27  3 30 
 6 49  5 63 10 97 11 87  3 86  7 81  0 15  8 92 15 73  9 76 17 53  4 75  2 93 19 70 16 35 12 13 13 85 18 95  1 39 14 57 
18 34  9 42  0 63 11 73 14  6  4 71  1 76  5 86 19 97 12 16 17 54 10 44  6 49  3 94 13 92  2 24 15 31  7 72  8 35 16 46 
17  4  0 72 16 30  4 47 18 83  1 23  8 88  5 72 15 76  2  4  3 10  7 89 19 75 12 75 11 24 14 63 13 76  9 77 10 36  6 88 
 4 80 17 68 13 65  2 15 15 36  7 34 10 94  1  7  9 99 16 44 11 72  6 12  8 33 18 77 12 24  0 57  3 68 14  1  5  3 19  6 
 6 90 18  3  5 70  2  5  3 72 17 60 19 32  1 91 14 42  9 54 12 18  0 63 15 54 10 83  4 92 13 57 16 96 11 11  8 98  7 47 
10 77 11 33 17 66  3 68  6 99  7 47  5 52 12 88 14  4  1 71  9 20 18 29 15 82  0 11 13 16 19 57  2  4  4 18 16 29  8 68 
