30 20
 8 17 10 42  5  3 13 77 11 53 17 65 19 14 18 14  9 77 15 22  3 26 16 53  0 36 12 66  7 26  2 56  1 14 14 41  6 69  4 85 
14 57 18 93  1 85  2 20 13 94  9  3 16 59  6 80 19 40 17 83  7 67  8 55  3 25 10 24  0 74 11 47 15 37  5 98 12  9  4 84 
 9  2  6 62 13 35 10 87  5 37 15 79  2  4  8 79 19 61  1 35  4 39 18 26 11 24  7 17 16  8 12 88  0 39  3 25 14 92 17 48 
14 51  3 30 10 79 16 27 18 25  1 13 17  3  0 23  6 17  8 22  2 45 11 13 19 72  5 52  7 56 15 56 12 84  9 16  4 50 13 64 
 5 72 16 80 11  4  9  7 17 85 10 30 18 75 15 47  0 94 19 11  6 75  4 63 13 58  2 63  1  4 14 33  3 47 12 78  7  8  8 20 
 7 32  9 82  1 45  2 14  4 10  6 60 10 98 18 95 17 61  8 88  5 66  0 79 19 98 15 44 14 48 13 27 11 47 12 31  3 13 16 50 
 0 32 12 53  1 33 14 70 18 59  6 41  8 95 17 65 10 91  2  7 19 19  5 82 16 93 11 56  7 44 13 47  9 32  3 62 15 52  4 15 
16  5 14 44 18 94 11 20  1 35 10 75  5 92  9 30  7 69  2  4 12 99 15 71 17 18  8  1  0 75  4 44 19 35  3 37  6 53 13 96 
10 60 19 54 18 41 15 45  8 79  0 19  2 53  9 91 13  1  3 74  6 16  7 56 12 75 11 95  1 90  4 86  5 58 16 42 14 79 17  8 
 9 78 14 56 10 24 19 60  8 88 12 47  7 33  6 11 18 92  2 72 11 42  0 88 13 30 15 57 16 97  1 25 17 26  4  5  3 62  5 45 
 3 95  4 62 18 53 15 69  6 45  2 48 16 49  7 59  5 37 12 23  9 94 17 19  0 79  8 81  1  9 10 66 14 32 11 17 19 38 13 59 
 2 61  4 73  1 79 15 25 16 75  3  5 17 76  6 26 11 69 12 18  7 21 18 21  8 16 13 39  0 15 14 64 19 98 10 70  9 54  5 32 
16 46 19 94 10 33  9 24 14 31 12 57 18 57  2  8 17 88 15 55  6 69  7 51  5 94 11 43  1 35  0 61  4 14  3 30  8 84 13 79 
12 97  3  7 17 59  4 87  8 57  9 37  2  4 11  2 13 23  5 45 18 73 10 72  6 98  7 79  1 61 15 15 16 80 14 77  0 15 19 76 
 7 53  0 66 18 42 19 59 15  6  2 60  9 30  1 59 10 63  6 61  3 83 11 14 13 78 12 90  8 38  4 88 16 20 17 23  5 81 14 64 
 1 75 19 38 14 15  7 48 17 37  0 92 13 99 11 37 16 79 12 28 10 68  9 20  6  6  3 57 18 79  8 97 15 76  5 11  4  6  2 95 
10 74 17 45  9 93 16  9 18 58  4 16  2 27 11 19  5 19 15 69  8 82  3 25  7 31  0 51 12 85  6 42 14 10 19 85 13 85  1 27 
12 30 11  5  7 54  9  3 19 63 16 47 17 59  6 45 15 63 13 40 10 10  4 16  1 42  8 46  5 66  0 34  2  1  3 15 14 81 18 69 
15 98 17 89 10 45  4 11 14 12  1 49  3 44 18 98  8 15 16 79  6 98  2 48  0 19  7 90 11 20 12 20  5 13 13 78 19 32  9 39 
 0 20 11  4 17 65 10 99 15 56  5 61 12 45  9 93  6 32  3 44  4 62  1 94  7 57 14 58 16 44  2 88  8  1 13 65 18 73 19 64 
13 15  6 71  4 39  8 31 18 32 12 80  0 54  5 38  3 51  9 50  1 58 14 96 11 96 16  9  2 65 15 32  7 19 19 54 17  7 10 10 
 8 53  6 19 14 68 12 99  0 77  9 12 10 81  2 96 18 46 19 56 13 41  5  8 17 93  1 10 11 75  7 75  4 85 15 32  3 80 16 84 
12 96 16  9  8 42  4 52 19 66  9 80 13 45  6 91  3 31  2 40 10 12  5 60 14 99 11 57 15 68  1 44 17 16 18 55  0  6  7 84 
10 98 18 29  8 75 15 40  6 81  7 73  2 70  0 29 11 85  5  3 17 89 12 12 14  1  9 46 13 30  3 28  4 82  1 10 19 18 16 97 
 6 21 16 47  4  2 15 63  0 57 12 25  7 25 10 80  5 70 13 44 17  7  3 30 14 62 18 55  1 68 19 56  8  1  2 25  9  5 11 13 
13 41 19  6  0  7  5 80 14 93  8 12 10 54 17 12 15 38 12 30 18 68  3 36 16 19 11 46  6 71  1 71  7 94  2 66  9 99  4 57 
16 57 18 55 11 46 15 15 17 61  4 64  9 19  1 14 10 49  5 58 13 54  3 54  8 50  0 32 14 40  2 47 19 70 12 97  7 50  6 65 
 7 53  0 32 18  2 16 85  6 17 13 94 17 46  5 83 14 63 11 67  9 46 19 84  3 34 12 22  4 24  8 70 10 63 15 14  1 76  2 67 
17 25 16 83  9 87  1 50  0 60 15 63 11 86  5  5  3 11 18 27 12  8 14 32 13 16  2 49  7 20 19 42 10 59  8 13  4 86  6 38 
 7 64  1 20 16 31 17 14  3 50 13 93  0 72 19 74  6 13 10 42  9 18  8 25 15 83 18 33  5 21  2 92 11 48 14 60 12  4  4 80 
