50 15
14 68  2 21  5  7  1 19  3 83  7 74 10 12  4 69 11 39  8  9  0 63  9 67  6 58 13 37 12 15 
 1 62  0 83  5 32  2 56  4 61  7 67  3  9 10 50 13 88 14 99 12 50 11 86  6 42  8 70  9 30 
13 20 14 40  1 28  4 51  8 23  7 34  0 10  6 71  9 41  2 14 10 62 12 41  5 14  3 72 11 48 
 9 47 10 32  3 99  4 51 12 85  6 49  1 32 14 89  0 75  7 24 13  8 11 49  5 86  2 97  8 86 
 1 12  2 65  0  3  3 89  8 26 13 67  4 24  7 24 14  4 12 43 11 33 10 52  9 40  5 84  6 99 
 8 77  9  1  2 81  1 61  7 51  3 14 14 78 10 69 11 95  5 18 12 15  0 66  4 74 13 84  6  1 
10 23 14 58  7 33 11 52  4 26  3 12  2 97 13 78  5 51  8 82  9  5  0 74  1 12  6 25 12 40 
12 68 14 66 10 14  2 95  1 19  9 97  6 58 11 54 13 74  0  5  5 83  7 92  3  8  4 96  8 80 
 3 89 12 76 11 74  8 77  7 59  0 39 13 36  2 39  4 45  9 34  1 48 10 72  6 70 14 75  5 42 
10 38  4 43  6  9 13 29  8 82  0  4 14 42  2 71  9 92  3 27  1 44 12 77  7 55 11 92  5 90 
13  7  4 57  7 20  5 39  8 61  3 10  6 93  2 34  9 85 11 62  0 29 12  4  1 51 10 62 14 47 
 4 65  2 57  6 76  5 89  1  9 13 61  3 64  0  2 14 85  8 84 10 27  9 70 12  5  7 59 11 69 
 0 36 13 33  4 79 11  8  5 85 12 76 10 92  3  5  9 23  6 70  2 24 14  1  7 39  8  1  1 71 
 0 44 13 48  3 59  1 56  8 77  6 12 12 87  2 41 14 89  5 24 11 24  4 58  9 56 10 17  7 33 
11 52  0 20  3 57  8 96  9 12  5 40  1 60  4  7  7 34 13 91  6 21  2 44 14 79 12 54 10 35 
11 12  9 24  3 15 10 66  5 62  7  4  2 37 12 33  0 77  8 67 13 76  4 41  6 77  1 51 14 81 
 5 63  0 60  7 49  6 76  2 75 12 65 13 26 11 74  9 11  3 44  1 67  8 94 10 90  4 62 14 86 
 5 31  7  6 12 62  6 81  8 72  0 20  1 18 14 78  2  3  4 98 13 94  9 22 10  4 11 65  3 72 
 4 21  8 44  2 87 11 31  9 91  3 31  5 81  7 10 13 31 10 24 12 38  1 90  6 18 14  2  0  1 
10 31 12 76  3 62  5  1  1 66 11 36  6 36  8 55 14 22  4 86  7 74  2  8  9 59  0 37 13 37 
11  4 13 71  1 39  6 16  4 33 10 26  9 45  7 87  5 42 12 11  3 18  2 11  0 17  8 76 14 51 
 7 34  9 38 14 74  0 54  5 60  3 91 13 81 12 92  1 45  6 51  2 20  4 71  8 14 10 13 11 58 
12 66  0 13 14 21  1 92  7  3  9  3  8 78  2 47  4 46  5 52  6 87 10 87 13 62  3 70 11 90 
 8 85  9 17 11 86  5 96 10 55 12 74 13 18  7 81  1 56  0  3  2 31  4 15  3 92  6 47 14  3 
 6 93 14 33 12 74  1 90  0 52  7 37 11 42 10 28  8 83 13 82  2 72  5 13  3  9  9 52  4 21 
 9 11  5 61 13 47 12 11  8 41  1  7  3 31  2 51 14  2  0 81 11 45 10 27  6 52  7 88  4 61 
 0 98  6 52  3 41 10  5  5 20  4 97  9 48 12 23  1 34 14 28  7 75  2 21 11 60 13 86  8 34 
 5 55  9 99 12 49 14 44 10 28  2 37  7 12  0 69  6 86  4 74  1 45 13 95 11 97  3 78  8  1 
 4 93  0 42  5 25 11 34 10 59 12 10  9 44  7 38 13 80  3 29  8 68  2 71 14 27  1 24  6 46 
13 29 12 16  3 78 10 32  2 30  4 72  7 91  5 77 14  5  0 90  8 24 11  6  1 70  6 54  9 52 
11 38 14 68  5 52  7 79 12  5  6 47 10 42 13  4  9 66  2 47  8 71  1 79  3 17  0 64  4 53 
 1 51  6 90  5 62  0 97 11 77 12 30  2 17  9 13  4 65 10 60  7 90 14 13 13 78  8 82  3 77 
 5 22  9 38  6 94 14 10  4 64  0 22  3 91 11 70  1 22 13 54  2 82  7 49  8 30 12 62 10 66 
 6 88  3 79 13  9  2 18  4 54 14 20  0 59 12 24 10 52  5 70  1 16  9 32 11 60  7 79  8 92 
13 44  9  7 11 78  4 85  3 13  0  3  7 58  1 62  2 59 14 79  5 31  8 44  6 12 10 79 12  6 
 8 72  3 70  5 97  6 25  2  8 12 99  4 65 10  2  7 92  1  3 13 61 14 95  0 42 11 82  9 60 
 2 15  8 85  7  2  4  4  3 69  6 42 12 73  5 73 13 28 10 16 14 37  9 59  1 46  0 64 11 41 
10 55 14 88 13 69  6 56 11 48  0 17  1  2  3 66 12 70  8 57  7 67  2 38  4 45  9 14  5 94 
 1 59  8 99 13 97 12 14 11  3  7 26  0  6  2 47  6 35  3 71  4 49  9 91  5 38 10 74 14 42 
 7 41  2 40  0 98  8 50  5 54 11 14  6 64  9 54 12 84 10 26  1 56 13 69 14 96  4  6  3 42 
 4 88  1 43 14 40  6 48 13 46  9 70  8  8 12 36  3 16  5 85  0 82 10 50 11 74  2 28  7 87 
13  6  5 48  6 70  9 98  0 19 10 24  4 37  8 38 12 85 11 99  1 20 14 76  7 94  3 90  2 14 
 4 56  7 14  3 61  5 34  1 25 10 70  2 50  9 15  8  6 13 77  6 37 12  8 11 63 14 37  0 25 
 9 95  1 34 10 65 12 88  8 43 13 42  0 30  3 62  2 86 11 52 14 61  4 16  5 48  6 62  7 53 
 0 44  2 92 12  4 10 59 14  3  3 34  8  8  9 78  1 22  4 98  7  9  5 63 13 84  6 54 11 53 
10 91  7 14 14 88 13 54  4 29  1 66 12 48  0 58 11 42  6 26  2  8  5  7  3 99  8 23  9 74 
14 67  7 77  0 32 13 97 10 71 11 47  5 67  1 98  8 43  3 62  2 84  6 44  4  2 12 60  9 46 
 9 27  7 72  8 62 13  7 10 76  2  3  3 30  6 37  4  9 12 13  0 72  5 99  1 16 11 17 14 40 
12 52  7 97  8 25 14 92 10 54  0 55 13 51  4 92  6 40  9 52 11 62  5 42  1  1  2 56  3  9 
13 64 14 83  6 31  9 47  0 19  3 62  8 11  5 44 11 55 12 60 10 84  2 64  7 83  1  7  4 10 
