50 15
 7 34  8 91  0 93 14 88 11 59  6 66  5 50  9 53 13 45  1  1  2 68 12 77  4 37 10 61  3 17 
14 19  0 73  6 15 10 72  1 38 11 52  2 14  9 69  8 19  3 29  4  3  5 48 12 11  7 54 13 28 
10 59  6 29  3 84 11  4  0 19  5 35  4 22  1 50 13 68  2 28 12 96 14 23  9 74  7 90  8 51 
11 14 14 86  3  8  0 85 12 49  9 56 10 87  7  2  5 85  6 60  2 97  8 51  4 39 13 34  1 89 
 5 99  7  5  0 39  3 39 10  3  1 73  9 16 11 62  8 29 12 68 13 14 14 38  2 90  6 56  4 32 
 6 23 13 84  1 34  7 77 10 25  0 44 11 45  8 14  9 79  5 90 12 78 14 56  4 37  3 61  2 96 
14 24  8 15  3 99  9 49  5 66  0 99  1 87  6 11  2 45  7 84 12 20 10  9  4 71 13 50 11 54 
 8 67 13 11  0 97  3 63 10 64  1 33  2 66 14  4 11 89  7 60  5 51  6 13 12 33  9 48  4 70 
 6 56 10 66  1  8 11 92  5 81  4 94 12  5  9 21  2 69  8 61 13 50 14 99  7 49  0 26  3 83 
 4 14  9 38  6 82 10 99  8 77  1 17  7  9 14 21 13 15  5 43  2 39 11 39 12 80  0 19  3 43 
 4 76  1 94  3 34  7 45 13  7  5 83  8 88 10 47 12 22  0 90  6 11 14  6 11 22  2 40  9 51 
 9 72  7 65 10  2  2 38  6 96 12 10  8 58 13 65 14 17  5 75  1 65  0 79  3 83 11 45  4 52 
 3 23  2 35 12 24  4 67 11 65  7 18  5  7  1 68 14 19 10 63  8 18  9 80 13 19  6 23  0 39 
13 47 14 70  1 38  3 14  2 46 11 48  9 14  8 45  6 31  0 35 12 95 10 75  7 61  5 44  4 71 
10 26  3 14  2 46 11  1  5 23  9 50  0 27 12 82  8 26 13  7  4 55  7 22 14 21  1 85  6 66 
 2 11 13 84 14 48 11 49  1 19  5 98  3 92  4 42  8 67 12 57 10 40  0 78  6 19  9 52  7 14 
 6 12 11 71  3 17 10 67  4 20  2 41  0 74 14 96  7 87 13 20  1 84 12 77  9 72  8 91  5 37 
 6 12  8 12 10 66 14  2  1 17  5 33  3 30  0 10  9 72  4  6 12  6 11 41 13 39  7 71  2  4 
10  3  1 89  2  9  5 24  7 80 12  7 13 42 11 85  0 84  9 89  3 40  8 42  4 92 14 91  6 77 
12 98  4 83 11 65 13 94  9  6  8 96  7 34 10  7  0 49  2 25  3 47  6  8  5 93 14 67  1 50 
11 52  6 57  0 73 12 45 14 55  7 63 10 99  5 20  2 59  4 90  8 31 13 23  3 99  9 92  1 53 
14 64  7  4  9 25  1 52  4 72 13 41  5 11  0 99  2 35 12 77 10 89 11 98  6 63  8 59  3 99 
 9 80  5 93  1 64 14 13  2 48  3 47  0 78 11 59 12 58 10 73  4  3  8 28  7 13 13 72  6  9 
 9 24 10 95  3 93  8 48  0 78  5 64  6 26  4 86 12 83  2 41 14 62  1 53  7 35 13 84 11 45 
14 91  8 86  9 79  5  5 11 85  0 29 12 73 13  9  4 74  7 69 10 23  1 80  6 82  3 34  2 88 
 6 76 10 77  7  2 13 28 12 27  3 27  2 87 11 33  5 41  4 99  1  2  0 44  8 16 14 83  9 91 
10 96 11 27  9 61 13 42  3 99  7 76  6 87 12 36  0 24 14 21  1 88  4 43  8 89  5 78  2 53 
 5 86  7 72  3  3 14 91 13 33 10  1  8 37  9 39  1 30 12 78  2 52  0 52  4 64 11 88  6 75 
 9 98 10 52  4 99 14 11  8 57  6 40  1 52  2 75 11 23 12 49 13 65  0  1  3 57  7 56  5 92 
10 82  1 33  4 80  2 23  3  7 12 49  5 24  0 50  9 29 14 38  8 47  7  3  6 53 13 89 11 70 
 3 32  9 62 11  9  5 88  4 58  2 70 14  9  0 66 12 18  1 40 10 33 13 54  8 60  7 92  6 88 
 6  2  2  5 12 35 13 65  4 67  0 58 10 61  1 72  5 60  9 84 14 88  7 23  8 17 11 71  3 13 
 0 65 14 56 11  5  5 94  6 82  7 76  1 29  3  1  4 93  9 66 13 47 10 32  8 42  2 75 12 13 
13 14  6 86  4 65 11 41  9  3  5 10  2 49 12 26 14 10 10 86  0  1  3 32  7 38  8 48  1 93 
 0 98  1 21 13 61  2 61  4 54  7 71 12 98  3 39 10 14  8 38 11 74  6  2  9 12  5 93 14 85 
 7 93  2  1  4 26  3 57  6 38  9 80 11 43 13 64 10 23  8 88  1 74 14  5  5 16 12 50  0  1 
 1 23 12 55  2 72  5 57  0 46  7 17 13 80 10 44 14 80  4 55 11 75  6 69  9 34  8 44  3 30 
14 64  4 93  9 55 12 78  2  9 13 24  7 59  1 72  5 30  8 50 11 81  0  7  3 53  6 69 10  3 
 7 63 10 40  2 81 13 33  8 52  0 86  9  2 12 43  3 57  6 36 11 53  4 18 14 22  5 92  1 40 
 5 60 14 79  4 43  2 83  9 76  0 79  7 53  6 72 12 40  3 37 13 66  1  3 10 52  8 33 11  9 
 1 28 13 70  0  7 14 51  2 33 12 57  7 89  9 60  8 64  4 36 11 75 10 49  5 13  6 36  3 65 
11 74  1 97  0 88  7 27  6 95 14 99 12 17  2 31  5 87 13 34  8 28 10 16  4 16  9 94  3 14 
10 63  8 47 11  6  9 43  4 48  5 65  0 83 12 98  1 58 14 60 13 12  2 48  7 93  3 77  6 32 
12 32 13 94  9 71  5  3  1 20  6 45  3 10  2 45  0  6 11 57  8 35  4 76  7 46 10 87 14 25 
14 45  8 63  9 82 13 23 11  1 10 13  7 50  3 64  4 82  2 55  5 42  0 14  6 35 12 15  1 47 
 9  6  6  6 12 28 10 96  2  2  7 85  1 97  4 90  0 83  5 76 11 65  3 46 13 71  8 42 14 61 
12 95  2 54  1 46  9 33  6 13 14 71  5 37  8 60  3 50 13 30 11 56  0 10  7 62 10 76  4 57 
10 96  2 64 11  6  5 90  9  1  0 99  4 86 13 27  7 18  8 56 14 19  3 73  1 76  6 82 12 78 
 6 98  5 69 10 68  9 45  4 17 12 29  3 15 14 81  0 31  2 79 13 54  8 50  7 73 11  2  1 86 
 8 44  0 78 14 31  6  8  4  8  5 15 10 95 12 83  9  3  7 30 13 39  3 92 11 47  2 49  1 45 
