50 15
11 30  3 16 12 71  0 30 14 78  9 46  1 18  6 32  2 34 13 88  7 94  4 85  5 83  8 30 10 73 
 2 14  8 51 14  6  1 33  0 17 10 22  6 63 12 71  7 14  9 87  3 58  4 37 11 55 13 73  5 78 
13 39  0 26  5 79  6 10 14 48 11 48  4 97  3 22  7 89  9  1 12  3  8 44  2  9 10 77  1 40 
13 79  4 66  9 39 11 61  1 57  6 96 12 98  2 54 10 88  3 21  0 92  7  3 14 39  8 21  5 73 
 9  5  3 65  4 93  7 90 11 64  0 30  8 93 10 88  6 91  5 47 14 26 12 79  1  3  2 77 13 39 
 2  6  0 61  5 92  3 22 12 18  1 52  4 82  6 48  9 32  7 73  8 49 10 16 14 76 13 55 11 38 
 6 16  1 29  9 93  2 89  7 61 10 47  4 25 11 38  0 28 13 46 14 93 12 68  3 99  5 41  8 59 
 2 50 13 77 14 11  4 79  3 98 10 66  7 23  9 15  6 24  5 41  1  8 11 57 12 68  0 52  8 30 
 7 26 14 36 12 79  2 92 13 93  8 11  6 18  0 71  1 26  5 95 11 14  9 86  4 41  3  3 10 47 
10 14  5 16  7 56  3 74 12 92  6 33  2 93  0 68 13 70  8 38 14 64  9 79 11  8  4 69  1 74 
13 87  4 74 14 84  6 78  3 49  2 45  5 44  8 53  9 83 12 28  7  3  0 48 11  6 10 52  1 53 
 9 71 14  9  7 73  6 90 11 58 12 16  4 90  5 54 10 48 13 64  3 17  1 63  8 64  0 98  2 96 
 8 58 10 47  7 95 11 34 13 14  1 11  2  2  3 52 14 29 12 65  9 86  4 60  5 13  6  5  0 16 
 5 64 10 29  2 35  4  6  7 90  9 42 12 36  3 29 13 57  1 39 14 52  6 39  8 93  0 21 11 77 
13 85  1 98 11 44  7 85  3 45  8 64  5 33  4 49  2 23  6 84  0 53 14 17  9 48 12 31 10 11 
 3 33  4 89  7 48  9 20  8 95  5 57 11  8 14 19 12 21  2 36  6 65 10 37  0 93 13  4  1  2 
10 51  3 57  9 69 14 74  0 95  7 79 13 37 12 82  6 75 11 20  4 49  8 38  1 78  2 97  5 73 
 9 68 12 91 13  5 14 50  6 32  2 48  4 39  7 81  0 32  8 68 11 92  3 74 10 27  5 60  1 59 
 7 82  3 63  6 18 12 32 13 69 14 82  0 76  5 39  8 72  1 90 11  4  2 54 10 79  9 81  4 72 
 3 98 11 97 12 37  4 95  6 93  0 56 13 46  8 85  5  7  9 78  7 71  1 69 10 47 14 41  2 64 
 4 65  2 64  1 28  3 46 13 27 10 53 12  6  8 71 14 12  5 15  7 61  6 89 11 56  0 35  9  9 
 7 86  8 86  5 72  3 13 13 69  0 39 10 98 12 28 11 32  6 64  2 21  1 86  4 50  9  8 14 90 
 8 96 13 82 14  2  5  4 12 27 11 43 10 35  9 73  2 97  3 21  7 78  0 95  6 76  1 73  4 89 
 0 19  9 17  1 55  8 53  6 89 12 40  5  3  7  3  4 14  3 40  2 69 13 50 10 20 14 41 11 30 
 8  9  5 75  7 67  2  4  6  8 11 70 13 38  4  1  9 99  0 49  1 43 14 74 12 31 10  9  3  1 
10 85 11 90  3 94  8 15  2 73  7 50 14 81  4 26  1 91  5 10  0 58  6 32  9 78 13  1 12  7 
11 58  0 95  5 31  8 99  9 89  4 92  1 18  6 42  2 95  3  7 14 81 10 47 13 53 12 94  7 52 
11 13  0 57  8 45  2 71  1 16  6 90 13 25  9 52 14 72 12 11 10 21  4 27  5 34  3 89  7 27 
 2 40 12 44  7 17  4 94 13 39  8 49  0 52  9 17  5 79 11 44  1 70  3  1 10 67  6  1 14  8 
 8 98  3 38  6 53  1 98 12 41  7 63 11  2  4 68  9 28  2 75 10 14 14 21 13  8  5 65  0  1 
 2  5  6 40  7 27 13 93  8 65  3 93  1  7 10 39 14 42 11  8  9 29  5 27 12 57  4 17  0 77 
13 39  5 18  2 17 12 93  1  8  6 57  4 66  0 76  3 28  8 21  7  2  9 82 11 66 10 77 14 94 
 0 75 13 13  4 48 10 13 14 39  7 16  8 69  1 39  3 35  9 75  6 85  5 55 11 45 12 55  2 85 
 4 85 13 82 10 13  5 89  8 34  2 10  1 95  3 38  6  4 14 10 12 84  7 88 11 65  9 25  0 50 
 9 75 13 74  3 84  5 71 12 54 14 53  6 86  1 11  4 72 10 27  2 89  7 60  8 25 11 17  0 86 
12 16  6 66 11 24  4  6  1 81  9 26  8 68  5 41  0  2 13 87  2 86 14 71 10 32  3 34  7 69 
 3 22 10 16  4 45 13 56  9  8  7 62 14 20 12 84 11 87  8 59  2 53  1 81  0 43  5  3  6 22 
13 28 12 23  1 66  2 27  8 49  0 46  7 49  4 64 10 43  6 12  9 95  5 38  3 31 11 49 14 18 
13 20  8 22  2 90  7 84 11 14 12 36 10  5  9 80  6 99  4 93  1 67  0 58  3 37  5 13 14 55 
 6 98 11 88  3 38  4 95  8 87  2 69 10 99 13 85  7 75  5 39  9 77  1 57 14 82  0 96 12 52 
 8  9  2 89  7 82 13 81  9 16  3 40 14 74 12 27  0 33  1 33 10 15  6 78  5 58 11 79  4 28 
 6 64  4 92  8  8  9 48  2 75  5 29 13 69  1 33 12 83 11 19 14 97  0 74  7 98 10  3  3 39 
13 68  9 87 12 88  3 72 14 84  5 26  8 11  7 95 10 94  4 90 11  8  0 17  1 53  2 92  6  6 
 7 97  3 96 10 29  1 68  8 96  5 69  0 95 11 90  9 67 13 53  2 23  4 18 14 54  6 49 12 18 
11 78 13 44  8 69  1 25 12 48  4 77  2  1 10 70  6 14  9 25  3 95 14 25  0 53  7 64  5 39 
 1  3 11 80 10 70  7 59  5 43  3 54 14 54  2 59 13 29  6 62  4 89  9  3  0 59 12 79  8  8 
14 38 11 15  1 18  8 76  5 21 13 82  0 84  9 53  4 18 12 74  6 59 10 61  3 11  2 58  7 10 
10 22  5  7  7 89  2 39 11 44  4 41  3 41 14 83  9 54  0 87 12 86  6  7  1 70 13 55  8 73 
14  5 12 59 10 22  6 59  4 68 13 99  8 41  7 27  2 62 11 80  5 30  3 37  1 60  0 76  9  4 
12 24  2 95 10 67  3 85  4  8  0 15 13 73 14 52  7 12  5 39  6 16  8 62  1 61 11  9  9 53 
