50 15
11 86  1 13  2 65  8 20  5 76 13 82 10 42 14 10  4 50 12 29  9 30  6 53  3 52  7 19  0 24 
 1 19  0 76  3 77  9 73  5 76  4 87 10 61 13 51  2 61  6 99  7 38 12 98  8 34 11 34 14 44 
 9 29  7 80  4 63  0 15  2 75  1 27  8 98 10 38  3 57  5 80 12 56 14 54 11 55  6 35 13 15 
 0 72 12 73  3 67 11 58 10 14  2 59 13  6  7 70 14 88  6 66  8 65  4 96  9 95  5 56  1 16 
 3 21  1 78  9  3  5 76 10 10  8 46  2 98  0 12 13 55  7 92  4 42  6 68 14 67 11 75 12 97 
 5 30  4 20 10 80  8 16  3 76 13 45  1 97  9 70  6 54  2 38 11 76 14 84  0 55 12 93  7 67 
11 81  3 53  9 37  2 84  4 33 13 69  7 52  6 11 10  2  0  7 14 79 12 36  8 78  1 92  5 19 
 7 28  9 78  0 62 12 17 13 38  1 66  3 68 14  6  4 60  5 93 11 47  6 63  2 26 10 58  8 46 
14 19 11  4  2 66 12 51 13 61  4 16  5 72  9 20  7 85  6 95 10 37  0 21  8 94  1 64  3  8 
12 45  1 84 14 52 10 50 11 77  2 38  8 60  3  2 13 50  9 65  7 71  0 67  5 95  6 71  4 24 
 5 32 14  6  2 42 12 74  7 56  3 38  6 55 10 84  1 96 11 86  9 47  4 38  8  4 13 72  0 91 
 7 81 11 49  1 40  4 57  6 16  2  7  8 13  9 18 13 96 10 84  5 53 14 70  0 94 12 74  3 89 
 8 71  1 66  3 45 10 27 11 79  7 75  6 71  0 88 13 14  2 36 14 88  4 23 12 52  5 74  9 78 
11 46  6 69 12 24 13 20  4 37  1 53  0 82  9 34  8 54  5 47 10 13  2 28  3 78  7 42 14 86 
 8 46  4 88  3 37 13 75  1 56  2 77 12 21  6  8  9 52  0 53 14 12  5 81 11 72  7 79 10 98 
 8 12  2 10  5 98  3 15  4 55 12 48 14 91  1 11  9 28 10 42  6 13 13 85  0 15  7 21 11 24 
 0 44 10 46  4 79  7 13  6 48 14 78 11 67  9 72  2 87  5 64  1 21 13 58 12 75  8 86  3 10 
 1 32  8 73  6 70  2 30  9 91  4 63 13 33 11 38 10 42  3 82 14 71  7 70  5 78  0 15 12 80 
12  6  5 27 11 79  2 59  7 77  3 99 14 27  1 26  8 61  4 11 13 20  9 66  6 96 10 55  0 48 
14 57  8 47  4 84  5 84  0 92  2  4 11 62  9 23  1 56  6 99 13 68 10  5  3 31  7 83 12 31 
 3 24  4 43 13 48 11 79  7 40 12 57  6 90  9 83 14  8  5 99  8 29  1  8  0 40 10 64  2 57 
 7 77  8 53 14  1  5 99  2 39  0 81  1 58  9 94 10 41 12 93  6 61  4 24 13 32  3 31 11 48 
 6 42 11 39 14 60  7 41 12 40  9 45  8 14  0 27  1  8  2 29  4 89 13 92  3 74 10 97  5 16 
 9 14  2 28  3 10 14  6  8 27  1 57 10 54  4 62 13 57 11 98  6 32  5 32  7 21 12 61  0 66 
 2  6 11 13  1 33  9 88  0 92  4 20 12 79  5 63  8 29  6 97  7 66 13 59  3  2 10 83 14 20 
 1 36 11 35  8 70  0 34 12 60  3 63 10 90 14 94  7 56 13 27  2 49  4 93  6 27  5 39  9 44 
 5 19  3 13 11 54 12 69 14 56  2 32 10 80  8 30 13 49  6 74  9 79  0 25  4 69  1  9  7 51 
 7 37  8 92  2 59  5 11 13 41  4 68  9  3  6  6 14  3 10 54 12 98  0 82  3 21 11 61  1 95 
 2 79  0 15 11 44  5 91  7 93 12 38 10 90 13 21  9 42  6 40  1 15  8 24  4 97  3 34 14 27 
 7 74 11 69  9 81  0  7  6 71  8  6  4 32 12 15  2 28  3  6 14 53  5 73  1 65 13 29 10 37 
14 45  2 87  8 27 10 76  7 64  4 35  3  4  1 57  9 43  0 98 11 62  5 49 13 44 12 75  6 38 
 6 93  8 78  7 92 11 44  4 20  2 83  3 51  1 68 10 91 13  7  9 97  5 69  0 97 14 94 12 58 
13 80  2 80  1 22 14 51  6 71  0 25 12 13 11  7  4 88 10 26  5 83  7 73  3 73  9 39  8 58 
 0 77  3 19 14  9  7 60  9 19  2 87 10 60  4 48 11 86  6 50  8  7  1 19  5 14 12 52 13 97 
 4  4  3 86 11 56 13 86  7 49  5 16  0 46  8 93  6 87 12 39  2 22  1  1 14 71 10  4  9 84 
 7 39 13 84  4 98  8 95 12 22 14 48 10 28 11 27  0 21  5 55  2 80  9 10  1 89  3 87  6 76 
12 69 10 80  4 59  1 98  8 76  5 12  9  4  2 58 11 24  0 86 14 45  6 89  3 17  7 30 13 81 
 0 22  5  5  4 28 14 18 13 46  1 88  2 10 10 90  9 80  8 53 12 41  6 98 11 28  7 12  3 25 
 2 93 11 19  9 83  1 58  7 61 14  7  0 88  5 17 12 81  3 69  6 76 13 12  4 71  8 61 10 28 
12 21  3 20 10 89  6 38  9 91  0 49  2 42 11 26  7 89 14 80  8 10  4 15  1 49 13 45  5 59 
 5 86 10  2 12 20  0 17  8 48  7 46  6  6  9 43 11 16  1 51  2 74  4 81 14 74  3 64 13 15 
 6 47 13 98  7 32  9 35  3 81  1 96 14 42  4 15 11 35 12 92  2 55 10 98  5 61  8 74  0 30 
 4 44  8  8  9 53  7 45  6 71  2 65  5 87 13  4  3 35 11  9 10 30  0 56 14 67 12 68  1 90 
 1 62  7 31  8 14  2 43 12 21  9 58 11 82  4 85 14 88 10 33  3 39  6 70  5 63  0 82 13 57 
 7 71  4 99  8 78 10 83  3 88 13  9  2 50 12 38  0 76  1 85  9 97 14 19  5 68  6 51 11 25 
 2  3 14 57 12 75  7 95  4  6 13 31  5 79  9 86  0 95  3 87  1 66  8 35 10 68  6 17 11 18 
 7 68  2 71 11 84 13 64  8 53 10 67  4 44 12  1  9 63  0 27  3 10  5 21 14 50  1 13  6 76 
 9 56 14 77  1 40  2 82 12 75 11 92  4 17  7 72  5 10 10 12  0 48  3  5  6  3 13 13  8 33 
12 25  0 86 10 32  4 31  8 14  9 58  7 31 11 62  3 41  2 55  5 44  1 13 14 53  6 33 13 63 
11  8  3 95  5 44 10 38  1  6  6 95 14 87 13 47 12 42  0 72  4 93  2 92  8 38  9 98  7 55 
