50 15
 2 76 10 34 12 28  8  8  9 10  0 74 14 92 13 30  6 10  7 82  4 45 11 74  3 24  5 87  1 38 
 3 90  1 55 10 16 12 77  0 86  2 83  9 26  8 92 13 23 11 50  6 74 14 81  5 15  4 14  7 31 
 8 35  0 56  2 32  1 64  3 70  7 78 13 23  6 46  4  8 10 75 12 45 11  5  5  7  9 62 14 73 
10 74  4 13  1 78  6 88 12 32  3 26  5  8 11  2 14 27  2 29 13 62  9 48  8 25  0 78  7  8 
 2 95  1 68 14 65  8 93 11 68 13 75 12 54  6  2  5 60  3 99  7 13  4  3  9 66  0 57 10 60 
11 43 12 84  9  7  7 70 14 43  6 37  2 42  1 92  4 70  0 91  3 30  8  5 10 57 13 70  5 80 
 0 83  8 97 12 12  1 19  5 50  4 18  7 41 14 66 10 24  2 98 11 11  9 21 13 29  3  6  6 86 
 3 86  7  4 13 94  9 52 12 22  8 76 10 81 11 47  4 92  2 95  0 15  5 33  1 85  6 38 14 54 
13 80 12 56  9 54  6 87  3 22 14 93  2 36  8 83 10 99 11 27  4 15  1  7  5 69  7 77  0 50 
 9 43 10 49  8 13 12 27 13 94 11 91  1 79  5 80  2 13  7 81 14 34  6 19  3 67  0  3  4 67 
 7 63  3 56  2 77  8 17  6 17 10 51  5  3  1  9 13  7  0 63 12 87 11 66 14 92  4 64  9 60 
 8 33 12 86  1 35  2 69 14 32  4 86 10 26  5 98  6 95  9 31  0 11 13 82 11 85  7 71  3 61 
 9 81 13 86  3  1 14 18  5 16  2 94 11 84  0 11  6 18  8 41  4 72 12 15 10 50  7 79  1 77 
12 67  3 41  5 99  8 29  7 62 13 80  6 39  1  1 14 21  0 38 11 68  2 88  4 88 10 95  9  2 
 6 76  4 80  1 42  5 65  3  4  9 62  0 50  7 93 14 74 11 76 10 10  8 76 13 55 12 95  2 94 
 1 76  8 40  0 96  9 89 10 22 13  1  7 22  5 49  4 12  6 27 14 17 11 34 12 48  3 28  2 32 
 7 90 13 50  1 33  9 53  6 21 10 35  2 11  8 53 12 44  4 58 11 76 14 32  5 62  3 60  0 23 
13 96  3 14  2 67  4 37  0  7  8 23 12 76 11 82  7 51  6 68 10 58  1 66 14 13  9 40  5 43 
 4 32  9 95  1 70  6 27  0 79  5 37 13 98  2 86 12 85  3 53 10 25 14 88  7 32  8 31 11 26 
 0 18  3 31  2 97 13 94 12 74 10 73  5 40 14 34  1 88  6 52 11 48  8 72  9 50  4 20  7  6 
 4 85  1 90 13 87  9 57 10 87  0 11  7 96  8 69 14 77  6 95  3 60 11 37  5 87 12 83  2 40 
12 76  6  1 10 46  0 31  5 21  3 57 13 69  1 96 11 85  8 40 14 30  9  4  2 61  7 44  4 29 
 9 33  6 48  3 71  0 27 12 67  2 11  5 23  7 97  8 71 13 23 14 54  4 91 10 55 11 12  1 62 
 0 65  3 19  8  6 13 45 11 94 12  4 14 46  7 52  9 93  6 14 10 49  1 70  2  1  4  3  5 23 
 2 14  5  3  0 34 12 13 13 46  9 79  3 82 11 76 10 14  8  6  4 27  7 34  6 65  1 51 14 85 
13  8  2 41  4 74  6  9 12 42  9 98  7 65  1 94 11 24  3 83  8 21 14 75  5 26 10 30  0 67 
 0 86 11 96  8 60  4  6  7 78  6 87 13  5  1 26  5 48  3 81  9 64 10 20  2 44 14 91 12 12 
10 75  5 24  0 27  9 14  1 33 13 17  3 93  7  5  4  5  6 89 12 53  8 66 14 85 11 51  2 96 
 1 31  8 63  4 21 10 37 13 68  3 78 12 48  0 66 14 86  9 18  6 77 11 22  7 31  2 87  5 18 
 8 23 13 25  6 22  3 40  1  5  7  9  9 29  0 51 12 61 14 84  2 50  4  4 10 87  5 36 11 31 
 4 16  3 81 12 18  1 73 13 26  0 19  6 54  8 44 14 92  2  8  7  6  9 89 11  2 10 46  5 21 
 0 57  8 48  1 31  7 57 14 11  5 79  4 68 10 99  9 44 12 71  6 59  2 13 13 10  3 48 11 32 
 3 42  6 34 12 93 11 63  0 13  2 38  5 93  1 34 14 66  8 62 13 39  4 68  9 43 10 72  7 37 
 5 86  4 11 14 33  7 85  0  9  8 33 13 80  2 92 12 59  9 21  1 65  6 19 11 96 10 17  3 33 
 6 44  9 43 12 78 11 36  2  8  1 12  8  4  5  8 14  2 10 78  4 43  7 27 13  9  3 16  0 17 
10 81  2 32  4 38  0 83 14 32 12 74 13 76  1  6  8 17  5 28  9 76  6 66  7 19 11 27  3 77 
11 49  4 74  8 35  6 11  2 81  7 72 14 76 12 49  5 67  3 29  0 52  1 33  9 72 13 54 10 19 
14 96  7 73  2 39 11 69  0 42  4 77  9 95  8  5  5 37  6 56 10 21  3 65 13  5 12 40  1  8 
 0 11 14 44 11 32  4 43  2 10  6  5  5 62 13 15 12 92  1 79 10 30  7 29  8 21  9 58  3 29 
 2 22  5 83 13 55  8 95 11 42 12 42  6 62  4 12  9 82 10 52 14 41  7 40  0 86  1 28  3 48 
 1 64  9 68  4 14  5 70  2 63  0 33 13 82  7 55  6 17 11 51  3 96 12 27  8 79 10 63 14 28 
 6 89  4 80 11 98  8 54 10 75  7 97  5 40 13 62  3 98  1 38 12 70  2 39  9 23 14 12  0 94 
12 21  2  8  6 80  5  2 14 66 10 33  8 22  0 21  9 70  7 14  1 32  4 70 11 78 13 46  3 38 
14 17  9 22  5 57  1 60  0 68  3 86  6 31  7 16  2 75 13 65 12 46 10 56 11 75  4 99  8  6 
 9  4  4 75  1  8 14 35  7 67  6 88  0 40 10 90 12  9  5 99 13 93  8 39 11 59  3 90  2 69 
 2 34  5 61  8 88 12 54  0 95 10 22  6 47  9 91  4 53  3  7  1 94  7 14 14 70 13 40 11 31 
10 28  3 90  9  5 14 85 13 83  5  6  2 69  0  6  4 57  6 87 12 93  7 75 11 70  8 86  1 68 
 7 25 10 44  9 54 14 94  5 35 12 62  8 63 11 51  3 59  2 68 13 85  0 48  6 64  4 40  1 75 
 7 29  0 42  2 56  3 94 11  9 14 31  5 80 12 52  4 53  9 82  1  8 13 32  8 94 10 94  6 32 
 9 39  2 12  6 34  8 24  7 41 12 85  0 74  3 46 14 30 13 89 10  2 11 87  1 57  5 84  4 34 
