50 20
18 54 12 96 17 96  4 62  5 71 11 42 10 62  8 93  9 98 13 10 15 54  1 13 16 37  7 61 14 92 19 90  0 59  6 64  3 96  2 64 
13 84  7 93  2 22  6  7  5 83  8 56 12 94  0 52  9  6 15 85  1 38 19 82 18  3 10 94  4 32 11 17 14 66 16 79 17  9  3 34 
10 67  7 69  1  5 15 14 18 53  2 12 14 17  9 93 11 28  5 57 19  9  3 78  8 19 13 62  6 50 16 85 17  3  4 57 12 95  0 75 
10 99 12 16 18 84  2 51  9 84 13 18  8 21  5 54  4  8 19 38  3 80  6  4  0 81 14 26 16 48 15 51  1 93  7 76 11 32 17 50 
 2  9  7  5 14  2 19 71  1 60  5 98  0  3 15 26  6 60  4 57 16 55 17 47  8 45  3 47 11 79 13 58 18 99 10 90 12 21  9 78 
 6 90 19 92 17 96 10 44  3 88 15 79  2 78 13  3 11 17  1 11 18 34  0 15  8 46 16 47  9 90  5 58 12 95  7 33 14 57  4 91 
 0 25  2 99  4 17 10 64  3 83  7 62 13 46 15 21 12 98 18 50 17 56 14 57 11  4  8 66 19 55 16  3  1 14  6 10  9 24  5 93 
16 94  0 18 10 70  6 92  4 34  7 29  9 65 13 19 19 85  5 55  2 44 17 87 12 59 18 34 11 86  3 72  8 28 14 62  1 22 15 35 
19 88  8 10  4 40  9 96 18 46  7 48 10 74  6 82 11 91  1 45  2 85 15 53 16 76  5 33  0 67  3 63 17 44 12 82 14 51 13 47 
 1 45 17 16  3 63  5 16 11 86  4 74  9 58 18 39 19 50 16 28 14 50  6 68  8 39  0  6 10 35 15  6 12 13  7 26  2 15 13 56 
19 24  3 83 18 53  7 60 13 67 16 78 10 19 11 51  0 14  1 48 12 57 15 52  8 92  6 49  9 74  4 82  2 32 14 63 17 91  5 68 
12  7  4 77  8 97  1 98 11 20 16 56  5 66 13 57  0 54  9 58 19 20 10 30 15 77 17 68  2 63 18  6  6 63 14 67  7 23  3 26 
18 76  6 81  3 33  4 35 14 85  0 29 11 10  5 52 10 11  1 21 12  1  9 96 13 45 15 31 17 43  2 11 19 47  8 41 16 69  7 53 
10  3  7 52  1  3 19 85  9 34  0 26  6 75  3 92 16 83 12  8 14 79  4 69  5 58 15 67 17  1 18 79 13 64  8 49  2 57 11  4 
 2 30 15 19  1 31 19 44  9  2 10 17 16 82  7 14  3 82 12 95  8 25 18 67 11 75  0 41 14 92  4  3 13  6 17 22  6 34  5 20 
 1 16  9 62  4 49 16  9  2 45 11 41  7 23  3 43  0 35  5 42 15 88  8 19 14  3 10  8  6 96 17 27 13 30 18 37 12 19 19 28 
10 19  2 64  1 75 17 20  8 99  0 85  9 56 16 98 14 35  4 70 12 44  7 16  6 25 11  6 15 10  5 23 18  8 13 98 19 25  3 99 
 8  1 11 24 19 43 12  5 15 31  9 54 10  1 14 47  2 67 18 62 17 24 16 36  7 94  6 16 13  8  4 56  1 16  3 18  0 49  5 69 
10 97 19 89 18 71  5 87 14 78  0 85  1 18 11 19 13 20 15 96  9 50 16 66  4 53 12 70  6 48  7 20  3 41  8 93 17 91  2 51 
 6 90 10 29  5 25  9 68 11 18  7 47 13 82  1 35 17 28  4  9 15 45 12 60 14 64 18 32  2 16 16 26 19 47  0 33  8 89  3 39 
10 79 15 62 12 25  7 47  2  4 11 14  8 41  5  8 14 91  1 70  9 27 18 90 16 73 19 59  3 21  4 67  6 77 13 55  0 54 17 41 
19 39 13 64  9 55  2 81  6  6  7 73 15 17 10 44 11 27  8 57 17 15  4 33  1 16 18 38  3  1 14 61  0 11  5 56 12 65 16 47 
12 48  8 56 18  7  2 34  1 59 11 65  6  1 19 65  7  8 16 19  3 31 14 57  4 67  9 57 17 94 13 32  5 49 15 31 10 72  0 68 
18 65  5 11 10 82 14 50  2 39  4 56  9 58 17 59  8  5 19 33 12 81  6 93  1 46 11 23  3 80 16 24  0 13 13 10  7 36 15 43 
11 60 19 32 15 37 17 13  3 56 16  6  0 74  7 83 10 50  1 60  6 12 13 90 18 59  2 32 14 72  5 76  8 87 12 25  9 23  4 64 
 4 24  1 78 12 44  7  5 10 87 11 60  9 53 19 18  6 91  2 67 18 59 17 81 14  8  0 16  5 94 16 94  8 47 13 26  3 73 15 69 
18  8  2 74  8 93  3  9 11 82  0 87 14 40 12  6  4 70  9 83 17 86  5 90  6 77 10 13 19 65 13 21  7 83 15 58 16 95  1 48 
16  7 17 93 13 75  1 82  5 34  7 28 14  8 10 32  0 63 19  5  6 27  2 90  8 32  9 15 12 52 15 63 18 11  3 96 11 25  4 22 
 4 73  1 73 10 33  6 73  8 19  9 48  2  7 12 74  7 77 17 48 11  5  0 47 14 38 13 73 19 83 16 24  3 80  5 80 15 41 18 26 
 9 50 17 34  7 95  8 44  2 31 11 80 14 59 13 53  3 24 15 18 10 37 19 72 18 72  1 73  6  6  4 86 16 17 12 13  0 89  5 24 
 2 95 12 99 11 35  8 55 18 67 17 54  7 15  6 25  5  2  1 60  9 35 13 14 19 14 14 37 16 82 10 37  3 47  0 28  4 37 15 21 
16 24  4 23  1 68 17 13  7 98 11 67 18 58  0 81 14 62  9 11  8 99  6 75 10 41 13 23 15 13 12 35  5 73 19 35  2 71  3 28 
17 87  7 39 14 66  9 67  4 91 13 71  2 48 10 17  8 12 15 95 11 86  6 71  3 19  5 49  0 63 12 66 16 69 18 73 19 87  1  8 
 6 69  1  3 12 11 18 76  7 57 19 55  5 36 10 95 11 63 16 78  0 72  9 28 14 53 15 10 13 86  3 13  2 53  8 14  4  4 17 52 
 5 67 18 59 19 84 17 50 14 91  4 93  0 53  8 56 10 30  2 98 12 53 16 74  9 60  6 46  7 57  1 23 13 27 11 49 15 54  3 47 
15 99 14 82  9  3  8 61 16 92  2 67 18 66 17 81 19 62 12 41  7 77  3  9  1 56 11 80  4 90  0 68 10 81  6 58 13 86  5 59 
16 76 15 77 19 23 14 29 18 25  3 44  2 15 10 17  5 96  8 64  7 71 13 22  6 87 17 73  0 72  4  8 12 67  1 92 11 61  9 97 
 1 92  2 47 12 95 11 55 15 78 19 58  0 36 10  1 17 23 16 71 18 47  9 76  6 34  5 95  7 25  4  4  3 91  8 22 14 51 13 53 
 9 57 19 61  2 39  6 22 11 60  3 90 15 54 16  2  4 83 13 73  7 36 12 68  8 99 14 68  0 61 18 76  1 88 10 15 17 96  5 80 
12  6 16 59  3 99  5 30  0 73  9 56  2 39  1  9 11 80  8 87 10 74 18  6  4 55  6 39 14 39  7 42 15 78 13 37 19 66 17 37 
11 11 19 83  3 83 17 87  7 34 18 45 14 78  5 13 16 59  4 93  8 16  6 85 12 76  9 54 13 91 15 93  2 13  1 56  0 10 10 99 
 6 26  1 45  8 80 11 44 19  9  2 28  5 70 14 95  3 40 12 20  7 63  0 44  9 63  4 73 17 59 18 82 16 41 13 87 15 89 10 29 
 7 64 12 89 17 62 19 30  6 13 11 64 15 42 10 39  9 89  3 89  5 57 18 62  8 99 13 55  2 40  1 94  0 25 16 34 14  4  4 65 
16 58 11 99 14 16  8 46  4 72  5 40  3 48 15 15  2 14  0 15 17 39  9 17 18 52  6 43 19  9  1 73  7  6 13 65 10 58 12 13 
16 19  3 72  9 80 17 48 14 79  0 71  6 29  5 14  8 19  4 27 19 92 12 97  2 99  1 74 13 69  7 20 10 40 18 41 15 95 11 39 
11 63  3 25  8 74  9 40  2 14 14 98 17 26  0 55 18  9 15 92 10 67  7 99 19 48  6 20  4 87 12 55 16 65  1 66 13 10  5  4 
 7  2  9 89  2 99 11 89 12 73  1 12  6 78  3 57 16 38 13 17 14 64 10 80 17 47 15 76  0 99  8 72 19 31  4 52 18 49  5 76 
13 45 17 22  1 11  3 99  2 65 15 96 12 95  5 47 10  8 11 57  6 60 14 38 18 71  0 70  8 98  4 57 16  4 19 31  9 73  7 56 
 5 28 10 26 16 47 15 77  9 89 11 82 12 94 17 41  7 89  1 74  8 95  4 44  0 60 14 88  3 61  2 99  6 36 13 49 19 41 18  1 
 1 16  7 71  9 49 13 25  2 62 12 98  6 63  0 79 18 29 19 82 10 84  4 76 17 85 11 18  5 78  3 18  8 87 15 65 14 10 16 78 
