50 20
 0 35  1 73 11 56 17 28 10 81  7 82  5  5 13 48  3 36  4 37 19  9  9  8 12  9 14 20 15 78  2 77 16 31 18 44  8  9  6 40 
 3 41 16 26  5 27  7 31 10 62 11 20 14 17 18 55 13 57  1 21  8 61  9 63 19 17 12 14  0 59  2 91 15 54  4 64 17 21  6 47 
 6  4 11 92  7 75  2 21  4 21 12 98 14 32  5 41  0 29 13 42 10 71 18 90 19 69  1 87  8 71 15 18  9 41  3 78 16 60 17 85 
13 72  6 21 19  8 16 55  2 86  3 17 10 98  9 71  7 18  1 86  0 84 14 88 12 97  5 75 18 70  4 67  8 36 17 11 15 97 11 55 
 8 88  0 15 13 29  7 51 10 82  4 66 16 26  6 70  1  7 17 87 15 81  3 76  2 44  9 27 19 88 18 34  5 70 11 62 14 44 12 67 
 7 26 12 24  0 87 17 48  3 55 15 68  4 54 13 83 14 17  6 50 16 87 19 18 10 83  1 32 18 71  9 72 11 95  5 39  8 37  2 21 
15 80  7 31  1 20  0 51 18 32  5 21 19 12 10 79 12  1  6 93 17 80 14 60  3 17 11 78 13 87  4 64 16 47  2 66  9 64  8 47 
19 59  2 10 16 80 14 46  5 62  6 40 15 68  9 26 17 54 11 50 10 61  3 77 12 40  4 94  0 36  1 67  7 59 13 55  8 15 18 71 
13 36 15 72 12 53 19 91  4 65  0 98  3 60 18 60 10 62  1 52 17 39 14 13  5 44  7 69  6  3 11 97  8 65  2 16 16 57  9 65 
 5  8  0 99  6 34 10 43  1 38  3 49  2 86 11 91 18 14  7 87  4 45 17 12  9 45 15 14 16 58  8 27 13 68 12  5 19 47 14 61 
 4 79 11 51  9 41  3 51  1 41  2 44  5 50 16 17 10 26  8  2  7 16 13 25 18 38 15 17 17 89 14 83  6 59 12 45  0 37 19 23 
11 97 13 90  1 92 10  3  0  2 12  9  3 70 15 15  5 38  9 48 19 12 17 10  4  9  8 76 14 27 16  8  6 44  7 81 18  7  2 80 
 7 45 19 13 14 50  3 30 16 85  4 81 11 32 17 64  5 11 15 70 10  1  9 93  0 54 18 13  6 30 12 17  1 16  2  3 13  2  8 19 
 9 57  8 81 10 19  2 46  7 40 12 39  5 63  4 92 17 60 14  8  3  7 16 39 18  9  1 54 15 68  6 21 19 66 13 52 11 54  0 21 
14 66  0 66  1 48  8 81  2 30  6 81  3 46 12 95  9 22 16 85  4 57 19 83  5 48 15 94 13 11 18 61 11 92 10 49  7 83 17 91 
16 28  9 14 19 65 12 17  6 97  0 57 17 33  2 96 13  3  4 32  7 70 18 78  5 30 11 68  8 92  1 48  3  9 14 75 15 31 10 75 
15 25 10 32 11 11 18 22 14 72 17 88  5 50 19 19 12 34  6 87 16 80  1 12  7 26  8 78  3 63  2  3  4 97 13 27  9 25  0 21 
 6  1  9 39 18 20 16 62 12 71  1 41  2 70  7  8 19 11 11 66  4 75  0 67  3 32  5 74 10  8 14 44 17 94  8 61 15 18 13 99 
18 56  7 47 12 11 17 43 19 57 11 27  5  3 15 54  3 40  8 86  0 40  6 30 16 55 13 48  1 37  2 14  9 49  4 59 10 15 14 99 
13 72 15 11 12 90 14 18  5 81 18 44 11 79  6 77  3 20  8 86  2 58 17 44  4 32 16 33  0 37  7 92 10 95  1 77  9 97 19  8 
17  9  4 37  2  7  7 38  1 10  5  4 15 75 18 54  0  2 11 15 10 95  6  4 19 37  8 19 14 56 13 44  9 60  3 90 12 46 16  7 
 8 33 13 58  1 88  9 49  2 50 10  3 14 44  0  8  3 82 12 72 16 99 18 50  5 57 17 19  7 12  4 84 19 69 11 14  6  8 15 10 
16 37  5  9 11 91 12 92 17 17 18 68  8 34 19 81  3 26 10 99 13 72  1 15  4 93  2 24  9  2 15 73  6 34  7 42  0 12 14 99 
13 78  1 98 11  9  0 15 16 97  3 86  7 88  5 22 14 31 17 59 19 70 18 42 10 42  4 65  6 18 15 50  9 28  2 57 12 87  8 57 
19 51  2 34 14 97  7 83  3 15 17 68  6 87 10 78 15 57  9 37  0 61 16 51  1 93  5 35 18 57  4 49 13 42 11 12 12 76  8 17 
11 33  9 65  5 62 18 11 16 36  1  4  2 97 17 22  8 76 12 17 10 82 19  6 15 96 14 37  3 26  7 89  0 41  6 57 13 23  4  9 
13  6 15 89 11 61 14 16 12 42 18 20  1 30  4 57  9 66 10 83 16  7 17 21  3 96 19  7  7 31  6 99  0 14  2 85  5 57  8 15 
 7 45 17 79 16 88  6 58 14  2 19 13 18 21  1  8  2 37  8 71  5 99  4 49 10 57 11 95  9 19  3 73 15 64 12 64  0 55 13 85 
18 51 15 22 16 11  9 82  6 90  8 41 17 88 19 33  1 91  0 99 11 69  7  6 14 33  3 25 12 31 10  7  4 38 13 46  5 41  2  8 
 9 20 12 96  4 88  8 49  6 24  3 89 11 24 14 66  7 69 15 42  1 92  2 62 10 48 13 95 17 28 19 43 16 71  5  9 18 53  0 31 
15 44  1 99 17 49 11 47  7 60  3 12 18 22 19 49  4 40 10 24 13 51  2  2  5 63  8 99  6 75  0 52 12 59 16 16 14 24  9 55 
14 67 19 73 17  3  9 72 18  8 11 70  1 73  4 59 16 91  8 69  5 46  7 31  0  6 10 35  2 37  3 93 13 42  6 89 15 34 12 25 
 9 31 17 26 12  7  3 67 11 25  2 43 15 23 10 31  0 28 16 57 14 42  1 16  5 10  8 26 19 50  7 69  4 35  6 18 13 18 18 77 
 5 95 16 10  2  7  0 88  8 78 12 62 11 93 19 23 15 94  4 22  6 85 14 73  7 59 18 12 17 58  9 93  1 47 10 73 13 90  3 18 
14 82 15 93  3 10  7 46 11 13  0 57 12 30  6 20  1 71  8 41 13 35 19 35  2 52  4 90  5 18 18 80 17 29  9 17 10 74 16 90 
13 39 17  7 18 15 14 49 10 34 15 50  5 48 16 77  1 26  3 27  9 78  7 38 11 76 12 40  0  2  2 40  4 92  6 73 19 86  8  6 
17 47  2 28 19 21 15 80 18 46  5 63  9 76 16 20 13  5  0 57  1  9  7 71  3 34 14 27 12 87 10 24  6 63  4  6  8 66 11 65 
11 52  4 25  5 67 12 53  3 97  2  8  6 23 16 84  0 74 10 75  1 18 15 53 19 31 18 66  8 49 13 51  7 29 17 52  9 34 14 44 
19 39  6 17  4 48 17 93  2 97 18 79  3 87 13 40 12  2 15 97 14 47  7 47 10 45  8 65  9 29  5 96 11  8 16 42  1 74  0 18 
 8 37 16 83 15 30 12 92 18 87 17 51  4 91  0 39 11 64 19 65 14 48  6 68  5 42  1 10 13 86  3 96  9 98 10 35  7 51  2 48 
10 98 17  2 13 60 11 23  6 52  2 84  9 38 12  3 15  1  0 46  7 44  5 83 14 68 16  9 18 32 19 19  1 67  3 10  8 12  4 99 
 0 68  3 38 14 90  1 38  9 58 18  9  5 88 11 63  8  9  7 35  6  4 15 13 16 54 12 94 17 89 10 79 19 74 13 31  2 70  4 97 
 8 90 14 18 16 91  4 52 11 51 18 84 12 53 19  8  2 90  5 87  9 32 15 21  7 67  0 13  6 60 13 75 17 38  1 36 10 19  3 68 
 6 46 15 67  7 80 16 62 14 43  9 65  3  9 18 31 11 66 17 42  0  6  2 43  1 47 19  9 10 30 13  6  5 73  4 20 12  1  8 12 
 9 76 10 36 11 91  6 72  4 61  3  8 12 78 13 56  5 24  0 20 18 12 19 51 14 61 17 91  2 17  7 13 16 74 15 63  8  9  1 84 
 5 71  7 11 17 72 18 40  8 73  1  9 12  7 16 88 19 19  4 15 10 45  3 54  0 86  9 38 15  9 14  7  2 74 11 80 13 75  6 80 
13 38 15 91 10 72 18 44 14 31  9 89  7  4 19 83  5 57  3 63 16 70  4  3 17 12 12 44  8 83  1  7  2 32  0 36 11 26  6 49 
 7 60 16 88  5  3  2  4  9 56  8  1 15 95  3 31 19 54 18 20 13 51 12 88  4 82 14 68 17 69 11 15  0 72  6  3  1 59 10 43 
12 92  9 88  6 40 16 47  3 80  8 23 15  7  0 98 11  2  5 90 10 74 18 23 17 93 19 94 13 41  7 49 14  2  4  9  2 83  1 84 
15 84  8 68  5 77  9 54 13 45  1 70  6 34 14 64 18 55 12 66  3 16 19 11 16  9  2 79 17 54  7 23  0 63 10  1 11 91  4 50 
