50 20
 9 62  6  3  3 77  2 45  7 42  1 77 15 42 17 78  0 20 18 81  4 39 11 91  5 13 13 53 19 30 10 95  8 82 16 70 12 37 14 55 
 2 56  6 90 13 21 14 43  8 12 18 94  7 81 11 58  9 20 19 83  1 41 15 84 17 16  5  6 12 64 16 63  0 16  4 12 10 93  3 39 
10 95 11 15  4 51 19 53  9 67 12 53 18 26 17 40  2 13 16 39  7 59  3 90 13 45  6 36 15 33  5 76 14 13  0 72  1 42  8 56 
 9 51  0 82 13 63  2 66  3 21  7 66  4 72  6 35 16 74 10 60 17 92 15 28  8 89 12 58 19 38 18 14  5 89  1 17 11 88 14 14 
11 25  9 38  5 10  6 71 10 80 19 41 17 76  1 92 15 86 16 33 14 42  4 90  2 18  0 17 12 91 18 24  7 96 13 82  3 77  8 83 
 4 48  8 21  9 71  3 94 15 64 19 67 12 21 17  2  0 58 13 38  6 12 10 11  5 63 14 27 11 92  2 64 18  9  7 50 16 55  1 15 
 4 33  2 99 10 49 19 66  1 77 16 88 15 42  8  8  0 64  5  2  7 86 18 72  9 26 17 86 12 51 14  1  3 40 13 33 11 74  6  6 
10 45  9 83  2 54  7 19  5 70 11 16  3 74 18 27 12 84 13 13  8  6  4 97 19 47 16 87 15 31  6 34 14 37  1 76 17 31  0 37 
16 62  4 96 14  7 18 84  6 70 19 31 11 35 15 37  8 99 17 64 12 53  0 39  1 67  9 20  2 15 10 53  3 83  7 25  5 65 13 78 
12 96  6 24  2 88 11 61  3 10  5 77 15 46  7 49 10 91  1 41 18 37  8 69  0 37 19 85  4 14 17 34 16 83  9 30 14 37 13  4 
 5 29 18 44 12 55 10 51 17 49 14 43  6  1  7 32  8 99 16 49  3 84  1 53 13 57  4 40  9 10 11 58 19 78  0 27  2 34 15 32 
16  5 14 97  3 37  2 63  7 66 10 40  1 95 13 51 11  8 19 35  0 63  9 17  4 88  5 15  6 33 18 11 17 10  8 84 12 55 15 28 
 6 20  0  7  9 23  5 24 14 11 18 38  3 56  8 73 11 22  2 29  4 12 16 86 12  1 19 23 13  6 15 45 17 70  7 25  1  1 10 79 
 1 58 10 62 14 55  7 79  0 55  6 27  5 77 18 13 12 53  2 31 13 11 15 81 16  7 11 94  9 11 17 84  4  5 19 67  3 19  8 24 
 8 74  3 26 19 90 13 73 18 28  5 16 16 30  6 69 11 43  7 48 10 67  2 91  0  3 12  1 17 93 14 52 15 41  4 31  1 54  9 57 
 9 58  6  1  4 92  0 83 18 99 14 64  2  7 19 22  3 29  5 48 17 70  7 69 13 60  1 51 16 59 11 19  8 25 12 67 10 67 15 71 
15  5 10 46  4 19 11 67  0 41 16  8  5 51  7 11  2 67 18 68 13 46 19 16  1 18  3 12 12 11 14 11  6 67  9  2  8  5 17 99 
11 47  6 35  1 57  9 69 15 99  0 16 16 91 10 36  8 14  3 58 13 10  5 91  7 64 17 44 18 79 12 66  2 31  4 10 19 56 14  7 
17 45 16  3  0 57 14 44  6 34 13 27 18 74  7 88  4 32 19  4  1 98  3 25  8  7 15 73 12 46 11 14  2 66  9 87  5 55 10  6 
 5 66  3 28 18  4  0 69  7 44  2 58 11 86  6 64  8 16  4 19  1  9 14 25 16 26  9 64 12 45 15 10 10 95 17 99 19 46 13 79 
19 30 13  9 12 37  2 85 11 69 18 22 17 23 15 97  6 50 16 36 10 12  9 10  7 43  1  1  3 33  4  7 14 15  8 45  0 28  5  3 
14 44  6 59  7 92  1 31 13 69 11 53  2 63  3 94 12 74  4 53  0 67  8 24 16  9 17 31  5 84 10 50 19 19 18 78  9  3 15 39 
15 46 12 11  5 59  9 27  1 79 13 86 14 51  7 47  4 22  6 16 11 24  0 80  3  5 16 57 17 79 19 42 10 46  2 99  8 49 18 54 
14 18  3 37  0 18 18 76 19 30  8 88  4 69  9 19 13 29 11 41 12 58 10  8  6 37  1 17  7 23 15 94 17 92  2  1 16 79  5 34 
18 29 16 85 10 91  1 43  4 65  2  6 19 69  9  4  8 94 12 72  0 76  5 83 13 21  6 45 17 10  7 84  3 50 11 74 15 39 14 55 
 5 67 17 76 10 91  4 69  0 13  9 72 18 98  8 16 11 79  3 38 16 76 15 70 19 30  7 85 14 93 12 39 13  3  1 39  6 88  2 87 
 9 90 18 78 19 61  4 61  0 34  8  4 17 52 12 59 13 20 10 29 16  6 14 60  1 93  6 95  2 55 11 12  3 92  7 22 15  2  5 91 
16 63  0 85 12 76  8 72  1 40 13 42 10  4  3 66 19 63  6 81  9  8 18 61  4 33  2 98  7 94 15 98  5 35 17 90 14 59 11 27 
 4 95 12  5 14 91  7  1 18 52 17 87  0 56  6 83  1 54  9 15  8 55 11 10 19 20  3 73 10 59 13 30  2 14 16  6  5 48 15 28 
 4  3  3 93  8 12  1 66 17 19  9 85 14 66 11 96  5 74 15 73 10 21 16 62 18 91 13 97  2 61  0 62  6 95 19 13  7 33 12 62 
 6 54  7 68 11 44 12  4  5 62 19 86  9 85 18 42 10 55  1 69  8 67 17 71  3 79  0 66 13  1 14 12  4 66  2 94 16 41 15 43 
18 23 15 25 17 21 12 15 16 64 19  6 10 96  8 68 14 58  9 75  3 66  1 57  6 85 11 56  2 24  0 34  7 64  5  1 13 82  4 71 
 3 42 16 97 19 65 13 51 11  1  9 16 12 74  4 54  5 87 15 38  2 48 10 54 14 44  8 51  0 48 17 74  6 82  7 59  1 46 18 60 
 5 60  2 50 13 86 17  7 16 10 12 12 11 50  8 67  9 65  1 41  3 47 10 59 15 43 19  1 14 97 18 67  7 81  6 34  4 27  0 39 
 2  7 14 52  7 81  0 58 11  4 18 53  6 86 10 32 16 54  4 38  9 71 19 43 12 58  1 56 15 63 13 73  8 54  3 56 17 34  5 35 
 9 99 18 31 17 90 11 67 15 73 16 74  6 69 19 29  1 92  2 86 10 90  5 72 14  5 12 21 13 11  4  3  3  3  8 29  7 27  0 39 
 4 75 14 71 18 89  7 31  6 39 13 70  5  5  9 60  0 13  3 32 11 22 12  1  2 56 17 53  1 84 10 47 15 91 19 85 16 14  8 10 
 5 56  8 94 17 47  9 81 10 21 16 84 13 98  7  5  2 76  6  6 18 62 19 40 15 58  0 18 14 97  4 89 12 18 11 48  1 44  3 48 
18 45  8 55  9 13  3 15 16 96 10 19 11 18  4  5 17 62  0 76 12 61  1 14  6 22 15 23  7  3 19 80  2 92 14 86 13 87  5 23 
 1 10 11 70 15  5  7 38 16 42  4 64  3 99  0 28 13 30 10 82  6 92  9 64 14 36  5 56  2 11  8 78 17  2 12 18 19 32 18 54 
11 88  6 82 13 27  9 53  7 42  0 53 15  6 16 80  8 55  4 95 12 83  5 66 14 11 10 69  1 89  2 79 18 50 17  7  3 31 19 46 
13 30 15  6  3 64 18 33 14 41  1 35 11 92 16 65  8 54  7 68  9 52  0 13  4  6  6 36 12 75 17 59  2 41 10 97 19 24  5 77 
12 70  3 46  9 32  5 34 13 67 19 10  4 32 17 32 18  5  6  4 14 41 11 13  1 24  8 13  7 14 16 85 15 36  2 18  0  1 10 23 
 5 43  4 33 17 16  9 91  3 87 16  5 10 74  2 43  0 81 13 23 14 54 11 83 12  5  6 68  1 45  7 85 18  7 15 44  8 90 19 97 
 8 64 18 98 16 47 19 16  4 76 10 50 13 61  3 62 14 88 15 37  2 89  5 18  6 38 17 10  1  1 11 36  9 10  0 41  7 52 12 55 
14 78  1 89  5 76 17 50 15 89  6 68 12 48 10  1  3 77  7 99  9 46 18 50 11 81  4 18 13 60  8 65 16 37  0  8 19 47  2 31 
15 56 10 65  9 15  3 13  2 40  8 46 12 74 19 34 17  1  0 56 13  2  4 96 16 12  6 17  1 20  5 19 14 46  7 97 18 75 11 73 
10 11  1 86  3 80  7  8 14 72  0 15  5  8 11 77 15 24 12 78  4 53 17 29 16 13  6 66 13 64  9 58 19 19  8 18 18 45  2  5 
12 97 17 73 18 13  2 34 11  5  9 84 10 60  0 22 15 40  5  3 19  8  7 64  8 23 16 66  6  3 13 35  3 61  1  7 14 32  4 44 
 0 33  7 16  9 52 18 72 19 54 14 67  6 71  8 41  1 55  4 32 17 41 12 27 10 54 13 72 16  1  2 14  5  5 11 13  3 85 15 20 
