50 20
10 75  5 50  2  4 17 34 14 36 19 69  1 52  4 44  8 42 16 12 11 50  3 12  0 71  6 89  7 31 12 14 13 13 18 53 15 43  9 43 
 5 27 13 18  4 70  3 84 19  8 18 62 16 91  2 24  0 94 10 98 11 78  7 90  1  1 15 24 12 96 14 61  9 90  8 67 17  7  6 72 
10 56 15 84 19 95  9 32 16  8 12 43  7 37 17 25  8 10  1 85 18 78 13 76  6 94  5 60  4 37  0 68 14 11 11 66  2 66  3 83 
12 65 10 95  8 66  4  4 15 34 18 55 11 35 16 32  6 78  9 52  0 10  1 58 19  9  5 73  3 18 17 52  2 57 14 59  7 27 13 89 
 5 31 15 81  6 45  7 21  3 74 17  7  9 43 11 35  1 23 18 63 12 12 13 92  4 78 19  9  0 30 10 22 14 19  8 70  2  4 16 17 
17 53  9 51  8 35 14 11 10 55 16 18 13 89 12 91 11 16 15 82  2 84  3  4  5  2  0 95  1 17  4 92  6 81  7 22 18  7 19 58 
15 92 19 47 18 10 12 47  2  4  3 75  5 41  0 51 14  2  4 73  8 52  1 38  7 44 17 23 10 31  9 90 11 90 13 81 16 75  6 84 
 6 31  5 20 16 32  4 54 13 10  1 96  9  6  7 81 14 73 11 75  0 95  3 81  2 31 10 81 18 90 15 33 19 64 17 96  8 21 12  1 
17 67  1 61  3 18  6 81  0 77  9 35 12 12 19 28 16 82  7 10  8 71  4 94  2 51 13 54  5 25 18 37 15 34 11  2 14 71 10 60 
12 29 17 78  5 33 16 54  7 20  1 75  8 88  0 35 19 70  6 35  3 53 14 36  2 82 10 26 15 24  4 28 18 10 13 98  9 86 11  2 
 2 30 18  2  0 96 19 66 10  3 17 81  1  4  8 53  7 12 16 36 15 61 14 78  5 25  4 75  6 44 13 12  3 81 12 23 11 41  9 87 
 7 98  2 47 12 85  0 90 16 74 14 94  3 24 15 18 17  8  5 90 19 55  4 67 10 52  8  3 18 28  1 29 13 73  9 96 11 57  6 55 
17 18  0 72 12 88  4 58  5  5  1 81 10 93  8 95 11 36 15 51  3 53 16 61  7 72  6 63 19 36 13 48  9 96 14 92 18 21  2 61 
 9 55 15 45  4 91  3 24 18 77  1 71 16 12 14 91 13 68  5 55 19 88  0 76  8 89  7 14 10 92 12 64 17 66 11 13  2 48  6 57 
 8 92  5 18  3 56 19 69  1 86  2 23 17 33 13 86  6 52 10 71 12 97 15  9 11 16  0 38  9 69 14 34  4 43  7  1 16 71 18 84 
 1 59 15 50  8 11 13 21  4 47 12 52 17 78 19 72  6 86  9 28  0 81  2  5 18 29 14 36 11  7  5 68  3 28 16 97 10 49  7 93 
14 34  9 20 18 32  6 90 17 59 10 53 19 92 16  1  4  8  5 10 12 10 15 25  0  8 13 53  1 25 11 79  3 85  8 28  7 10  2 33 
 8 37 17 51  5 79 13  6  9 28 14 40  7 19 18 60  0 14 10 12  1 31  2 25 15 15 16 84  6 83 11 85  3 87 12 34  4 42 19 92 
14 24  6  3  8 12 13 39 16  5  0 28  2 51  3 68  9 36 18  6 15 12 10 54 11 61  4 11  5 99 19 39  1 53  7  3 12 33 17 48 
14 38  8 81  2 84  7 12 19 36  5 96 16 67  6 46  1 90 13 78 18 22 11 83  0 85  4 97 15 50 12 78 10 91  9 83  3 49 17 31 
 9 10  5 42 19 29  3  1 11 88  4  7 12 11  2 41  8 51  1 40 13 90  6 20  0 42 18 40 10 25 17 31 14  8 15 86 16 84  7 25 
18 12 12 70  0 93  8 77  2 18  1 13 16 70 15 35 13 97 14 50 11 32  4 88  7 98  5 37  9 82  3 53 10 21 17 93  6 60 19 93 
19 14 15 85  0 21  7 25 12 72  4 38  3 43  6 68 10 38 17 18 14 35 16 49  8 99  2 48  9 87 13 11 18 16 11 96  1 36  5 84 
17  6  9 23 10 97  8 72 11 32 16 77 19 35 12 62 14 15  6 72  1 48 15 34  0 51  7 24  4 71  2 18  3  5  5 37 13 56 18 13 
 1 10 17 38  5 81 18 77  2 83  7 40 16 43 11 64 15 91  4  1  0 48 10 80  8 15  3 21 12 27 19 16 14 60 13 45  9 65  6 88 
 0 20 17  4  9 79 15 87 16 27  1 84  6 20  3 46 12 91 10  9  8 24  5 98 13 28  2  2 19 76  7 22  4 88 11 67 14 32 18 37 
 4 23 12  7  2 62  1 49 17 98 14 61  6 59 15 38  0 13  9  5  5 75 11 74  7 65 18 66  3 60 10 14 16 79 13 45  8 47 19 51 
 1 23  6 45 13 96 19 35 18 37 11 34 17 29  7 12 10 89 15 69  4 74  3 52  9 98  0 17 16 86 12 76  8 96  2 66 14 86  5 37 
 2 74  4 99 16  9 12  9 14 74 15 83  9  3  8 96 19 44 10 23 13  3  0 18  1  3 11 45  5 38  6 24  7 91 17 36  3 22 18 15 
15 34  4 23  6 68 13 11 14 53 19 77  5 71  1 65 17 77 16 48 12 43 11 45 10 83 18  7  8 93  2 65  0 83  3  8  7  5  9 74 
 8 40  2 15 15 30 12 90 10 62  3 15 18 13 13  3  9 49  0 90  5 55  7 65 19 85 16 87 17 24  1 61 11 50  4 48  6 77 14 21 
19 42  8 91 10 70 16  8 18 45  6 24 14 63 13 86 11 16  9 68  2 57  7 18  3 60  4 81  0  3  1 17  5 68 15 97 17 42 12 54 
15 87  9 95 16 25 10 61 18  9 13 30 11 84 14 21  6 88  3 83  1 72  4 86  8 20 19 73 17 39  7 71  0 52  2 37  5 72 12 40 
 1 46 12 45 17 87  2 44  9 27 10 44 15 19 19 51  4 83 16  2 18 21 11 13  7 50  8 17 13 95  0 83 14 33  5 29  3 92  6 62 
 6 22 19 73  2 35 17  4 15 22 12 99 14 99 16 65  4 54  7 72  1 59 11 98  5 44 13 19  9 23  0 95 18 87  3 69  8 68 10 57 
 3 20  0 79  6 95  2  6 12 38 16 36  5 37  8 21 18 62  1 48 13 78  9 18 11 70 14 78 19  1 10 21 17 85  7 39 15 34  4 98 
14 56  7 60  3 33  6 80  9 68  8 60 16 41  1 82 15 17  2 89 17 59 13 71  5 49 12 75 19 45 10 22 18 60 11 83  4 71  0 22 
18 72 13 72 19 11  2 15 10 72  6 65  4 56 14 77 15 68  9 17  7 59 16 17  1 68  0 69 12 71  5 60 11 39 17 42  8 78  3 62 
12 12  1 27 10 16  3 23  0 12 13 74  2 72 18 48 15 35 16 53  9  9  8 80  4 68  7 15 19 62  5 23 11 14 14 89  6 12 17 67 
 7 74 12 53  2 76 13 97  6 71  4 81 17 28  0 70 15 67 19 26 16 97  3 11  1 77  5 56 14 62 11 41 10 50 18 40  8 35  9 79 
 2 75 18  3  5 32 12 10  0 93  6  2 19 63  9  4  1  4 15 18 13 85 14 28  3 55 16 80  8 59 17 74 11 51 10 74  4 20  7 46 
 4 32  2 77  8 49 11 76  3  6 14 93 19 57 10 11  9 69 18 35  6 59  1 20  5 22 13 13 17 35  0 99 15 95 16 99  7 74 12 96 
 3 55 16 38 14 80 15 25 12 73 19 56 18 87  6 16  7  2  5 80 10 43  2 50  4 68  0 12 11 19  1 25 13 17 17 52  8 31  9 31 
14 53  3 69  9 57 16 98  4 48 17 26  6 30 10 20  0 74 18 47  1 99 15 78  5 97 12 94 11 80  2 74  7 42 19  2 13 46  8 32 
 9 54 12 14  1 96 14 39 15  1  7 98  8 43  2 57  6 29 10 76 18 36  3 58 19 93 11 17 17 38 13 81  4 74 16 20  5 39  0 98 
 0 80 19 94 12 69 15 69 13 54  7 30 17 86  6 80  5  6 18 72  9 65  2 45 14 89  3 67 16  6 11 28  1 76  8 28  4 29 10 28 
14  1 11 74  6  8  8 96  7 20 12  7  5 26  4 25 19 18 18 84 15 29 16 92  2 18  0 38 10 93 13  8 17 32  9 67  3 81  1 17 
12 36 11 41 13 72 19 31  9 28 18 52  5 14  6 59  2 97 15 71 14 92  0 50  8  4  1 96  3  6  7 99 16  1 17 70 10 58  4 92 
 6 24  1 81  9 84  5 57 15 59 11 94 10 31  7 98  0 37 12 64  2 69  8 56 14 71 17 23 13 30  3 97 16 86 18 29 19 16  4 75 
 2 33 13 81  8 58 10 81 18  2  4 25  6 17  7  1  5 72 11 33 16 18  3 22 17 44 19 28  0 69 14 92 15 90 12 43  1 53  9 76 
