50 20
15 37  2 64 17 15 11 52  3 71 19 38  5 53 14 70  7 76 10 76 18 61  1 10 12 51  9 59 13 12  4 74  6 61 16 52  0 68  8 19 
10 79 18 71 14 32  1 18  9  9  6 99  5 85 16 94 11 41 19  1  0 18  4 98  3  2  2 47 15 57 17 44  7 25 13 48  8 12 12 24 
16 50 12 55  8 25  3 24  6 43  9 64 18 40 19 37  4 30 10 71 13 64 11 13  5 33 14 26 15 42  1 64  0 55 17 76  2 17  7  8 
 8 31 12 22  6 38 19  9  4 84  5 68 14 35  2 94 11 79 16 79 18 40 10 39  0  9 17 36  9 82 13 39  1 33  7 43 15 86  3 74 
18 17 16 73 17 55  3 30  8 28 14 35 15 72  5 30  1 50  9  3 19 84 13 72 11  4  0 73  2 54  6 15  4 64 12 43 10 10  7 80 
 7 55  3 13 12 64 16 94 10 89 18 21  6 31  4 82  9 54 19 16 15  8 11 99  0 70 17 22  2 89  5 65 14 56 13 92  8 15  1 77 
18 41 19  4  7 42  5 81 10 82 16 56 15 79  6 97 13 47 17 91  1 48  2 86 14 28 12 80  3 89  9 91  4 44  8 67 11 67  0 53 
15 27 13 96  8 43 19 23  6 50 11 78  3 46  0 13 18 54  9 20 16 37  1 22  2 13 12 53  7  4  4 53 14  7 10 53  5 56 17  4 
 1 28  0 83 18 63  6 76 17  2 16 11  5 16 13 55 10 78 15 55  9 77 19 32  4 27 12 46 14 17  2 45  3 40  8 94  7 10 11 12 
18 59  2 81 17 85  0 87  5 37  1 30 13 32  9 10 10 72 11 99  7 23  6 32 12 27 14 32  3 77 15  6  8 60 16 85  4 79 19 66 
10 89  1  8  5 85  3 49 19 54  2 13  4 32 18 33 15 53 13 76  6 83 12 75  9 29  0 79  7 65  8 50 11 37 14 18 17 36 16 46 
11 51 14  5  6  6  2 64  9 33  4 14  0 42  1 12  8 92  7 68 18 94 13 29 19 89 15 40 16 10 17 43  3  8  5 82 12 88 10 86 
16  7  0 85 13 12 11 56  2 61  8  6  5 77  9 64  4 40  7 13 15 86 14 38 18 89 10 98 12 42 19 93  3 86  6 97  1 33 17 22 
 7 86  0 45 13 99  5 80 14  8  9 76  3 42 15 14  4 81  8 85 11 88 12 16 19 48 17 23 16 27  2 49  1 42  6  5 10 61 18 26 
 3 36 11 60 10 80  6 34  8 30  5 53 17 91  9  2 14 89 12 31  2 61 16 35 18 69  7 28  1 16 15 70 19 88  4  1 13 97  0 33 
13 48 14 21 17 64 11 50 16 79  5 26  2 20  3 11  6 16  1  3 18 61  9 29 15 97 12 66  0 98  4 51 19 54  8 50 10 96  7 33 
 8 61 13 16 10 30  7 30  9 96 12 35  2 20 14 63  6 61 18 15 11 45  1 63  4 66 19 61 17 70  3 75  0 89 16 97  5 17 15 60 
 7 78 16 41  2  9  6  8  3 26  5 69  1 55  0 30  9  7 13 27 14 59 12 33 18 18  4 77 10 57 11 90 15 24 19 41 17  6  8 71 
17 61  7 27  1 46 16 30 18 46  9 15 10 24 11 99  6 44  2  1 15 16  5 11  3 15 19 38 14 54 12 13  4 73 13 68  8 85  0 54 
12 14  6 33 16 65 11 97  8 74 14 55  0 18 19 76  1 74  2 70 10 78  3 15 18 40 17 22  7 56  9 68 13 31  5 53 15 19  4 89 
13 61  3 97  7 92  1 64  6 89 19 51 16 68 11 83 14 21 17  5  2  5 18 85  4 67 10 94  8 97 15 71  0 39  5 58  9 30 12 82 
 1 82 12 20 18 82  5 14 19 71  2 91 14 61 17 19 10 67  3 78  9 53  4 56 13 40 11 51  0 46  6 95 15 38  7 12  8  9 16 90 
 6 97  4 90  8 34 11 99 17 28 13 84  5 65 12 57  1 29  9 87 15 13 10 23  2 51  0 88 19 36  3  7 16 34 18 18 14 59  7 96 
 4 19  7 85  5 91 19 30 12 69  9  2 15 96  1 21 17 81  6 32 16 79 18 46 14 92  0 88 13  3  3 20 10 53 11 21  2 57  8 20 
10  9  2  5  0 50 13 26  4 67 16 64 12 34  1 73  7 29 15 56  5  7  9 70  3 54  6 47 18 82 14 30 17 17  8 92 11  2 19 23 
11 41 14 79  7 72 16 88  3  1 10 64  6 99 13 32  4 55  2 80  0 28 15 87  5 65 18 36  1 72  9  5 17 13  8 56 12 32 19 72 
 4 56 16 85  8 52  3 64  0 60 17 81  5 44 12 43  2  9  7  4  9 61 18 24 14 62 10 56 13 17 19  9 11 29  6 45  1 63 15  7 
16 64  5 68  7 94 10 46  8 16 17 10 14 81  0 19 13 91 18 75 15 95 12 21  1 50  6 82 11  2 19 73  2 55  4 93  9 39  3 35 
12 69  8 65  7 25 17 51  2 28  4 76  9  1 18  3  1  6  5 74 10 11 13 59 11 91 19 10  0 35 15  8 14 27 16 35  6 28  3 97 
15 41  3 45 16 53 19 13  6 92 11 56  8 42  0 48 12 67  5 97  9 80  4 57 18 80  1 10  7 90 13 26  2 68 10 35 17 84 14 99 
13 43  9 68  1 28  0 76  8 32 11 20  5 89 10 28 17 46 18 17 16 41  2 32 14 37 19 32  4 48  3 47  7 32  6  2 12 26 15 37 
11 83 16  8  4  5 17 24 18 69  6 69  3 93 13 54 12 90 19 15 14 63 15 71  1 84  7 78  0 62  5 84  9 99 10 82  8 30  2 51 
 1 69  3 64  9 75  0 23  5 93 17 48  8 11  7 18 13 89 11 96 18 70 10 99 16 52  4 70  6 23  2 85 12 50 19 81 15 17 14  5 
15 87  0 55 10 48  4 85  2 17  8 79  6 73 12 19 13 22  7 37 18 12  3 19 16  9 11  5 14  4  5 85 19 88 17 46  1 10  9  4 
 7 86  3 36 13 90  1 63 12 48  2  4  9 15 15 15  8 15 14 39  6 73 10 89 11 58  4 80  0 71 18 54  5 25 16 41 17 84 19 73 
18 42  6 48  3 88  9 71 10 68 13 25 12 33  5 88  7 62 19 51 15 49  1 76  8 22 17 47 11 63  4 61  0 16 14 10  2 94 16 47 
15 32 13 41  4 99  0 48  2 82 10 52  3 46  8 67 19 63  9 16 17 24 11 32 18 88  6 74  1 13  7 24  5 82 16 28 12 74 14 14 
 7 56 19 60 18 70 16 93  8 22 12 62  4 50  6  2  0 15 14 99  9 20  2 45 15  6  5 81  3 13  1 51 13 12 10 12 11 55 17 35 
17 46  7 12 19 92 16 23  2 99 13 11 18 99 11 88  0 22  1 18  3 29 10 53 15 56  6 56  9 43  4 53  8 10 12 41 14 61  5 12 
 9 49 18 48  2 25  4 40  1 20 10 10 17 96  5  8  0 48  8 91  3 88 15 30 12 90  6 53 16 25 11 32 19 43  7 50 14  3 13  4 
 7 90 18 42  1 20  9 12  5 61 13 89 16  2 11 57 19 26 14 77  2 32 15 41  3 89 17 45  8 55 12 37  6 66  4 11  0  1 10 55 
 5 22  4 39 10 26 16 85  7 61  1 54  2 27 11 25  0 31 13 47  8 54 14 16  6 77 19 29  3 71 18 24  9 86 17 68 15 21 12 40 
 2 63 13 25 10 19  6 97  1 61 15 71 18 76  7 52 12 18 19 27 11 97  3 74  5 16 16 10  0 72 14 61  8 48 17 96  4 83  9 98 
 2 14 13 23 17 81  0 53 19 83  7 93 12 86  6 45 10 71  3  9  1 94 18 91  4 90 11 34 16 75  8  1 14 73  5 83 15 75  9 68 
 7 18  5 64 14 22 16 33  1  9 17 57 15 42  6  1  8  9 12 45  4 20 18 24  2 68 11 86 19 59 10 90  0 56  9 41 13 39  3 43 
11 45 16 67  2 45  7 18 19 69  3 26 14 38  4  1  6 71  8 64  5 29 17 77 10 50 15 23 12 24 13 67  9 80  1 89  0 96 18 21 
 2 39 15 45  4 60 18 65  3 67 12 91  6 99  9 96 19  3  8 11  5  1  0 14 13 94 10  9  7 13 11 82 14  8 16 58 17 13  1 76 
18 57 17 50 19 55  1 54  3 46 14 52 13 44 15  3  8 71  0 80  5  7  7 66 10 25 12  5  4 44 11 44  9 76  6 83  2 38 16 94 
17 69  4 32  6 47 16 61 15 71 11 39 12 56  8 69 10 32  1 60  2 22  3 68  7 18 13  9 14 76  5 44  0 39  9 22 18 16 19 95 
 7 48 15 92  6 62  3 48 12 93  9 27  8 80  0 48  2 85 18 62 17 24 11 67 10 88 16 29  5  5  4  3 13 77 14 47  1 13 19 60 
