50 20
 2 84  6 26  0 16 18 14  9 43 12 28  5 86 10 92 19 32 16 73 15 61  7 13  3 48 13 70  8 68  1 56 17 84 14 23  4 94 11 30 
 3 77  0 32 13 55 12 22  2 83 18 19  4 49 11 80  1 27 16 69 17 46 10 86 19 51  5  1  8 88 15 77  6 98  9 48 14 24  7 63 
17 36  7 68 15 42  2 45 19 34  0 73  6 14  1 82 18 15 13 35  5 92 11 10 14 43  3 18 16 73  4 69 10 55 12 63  9 89  8 98 
 3 42  5 23 11 29 15  8  7 93 12 19  8 64 17 47 18 19  6  4 16 84 14 72  9  2  0 89  1 77 19 12  4 92  2 67 13 38 10 87 
19 57 17 67 11 99 14  9  0 89  6 58  3 16  1 35 15 30 10 58  7 28 13 70 18 82  2 30  9 84  8  5  5 13 16  3 12 91  4  8 
11 34 16 34  1 32 14 17  9 49  7 13  0  4  6  7 17 38  5 62  4 46  8 29 19 87  2 23 12 44 18 93 13 15 10  9 15 56  3 42 
18  4 12 71  3 63 19 19  2 18 15 48  1 47  4 50  8 82  9 94 16 22 17  7 14 69 10 68  7 34  5 75  0 13 11 55 13 11  6 60 
 6 44 19 20  1 86  0  2 16 90  7 32 17 54 10 40 12 40 15  3 14 20 11 68  8 84  4 40 18 91 13 53  2 77  9 83  3 97  5 63 
13 45 12 72 19  8 17 61 14 51 15 96 11 94  1 98  7 83  2 48 16  6 10 22  8 50  4 24  6 36  3 21  5 17  9 48  0 54 18 21 
 7 24 18 20  6 92 13 47  2 99 16 85  0 20  3 90  4  1 15 20  5 36 11 58  9  2  1 86 10 42 19 38 17 69 12 79 14 43  8 55 
 3 62  8 21 19 95  4 53  7 75  1 90  0 94 14 43 16 72 12 38 13 60 11 30 15  6 10 75  5 31  6 87  2 63  9 24 18 16 17 46 
 4  5 18 48  3 88 12 78 14 84 13 85  1  1 16 79 10 95  9 42 11 21 15 69  2 89 19 68  8 56  7 30  5 96  0 98 17 75  6 24 
17 58  3 49  7 53  5 85 16 20 11 15  6 44 19 97  9 24  0 12 12 98 15 53 10 67 13 10  8 91 14 47  1 78  4  5  2 28 18  5 
 0 55 13 30  8 68 14 34  2  3 11 58  1 18 16 20 17 33  7 62 12 70  9 87 15 55  5 91 19  2  4 33 18 22  6 20  3 26 10 99 
15 64 11 88  3 94  1 34  9  4 13 78 19 10  8 67 12 77  7 53  5 67 14 91  2 24 17 30  6 76 18 70 16 56 10 89  0 49  4 74 
 7 95 14  9  3 29  6 45 18 64 12 73 19 62  9 11  0 31  1 77 11 61 16 20 15 54  5 37  2 17  4 31 17 32 10 98  8 20 13 94 
 9 14 15 90  8 73 13 84  7 75 17 89  4 41  2 59 18 58 14 44 11 21 12 61  0 91  5 25  6 48  3 12 16 37  1 80 19 77 10 51 
14 47  3 92 18 11  7 73 17  4  5  9 15 95  0 22  9 32 19 89 10 64  4 19  8 69 11 83 13 91  6 34 12 80  1 94 16 93  2 82 
12 92  6 79 11 74 17  2  3 97 18 68  4 98 14 78  9 22  1 41  2 58 16 99 13 52  0 67 10 48  5 33 15 48  7 58 19 81  8 39 
11 20  5 96 19 64  0 95 13  6  3 26  7 39 16 26 10 92  6 12  9 65 15 14  2 71  4 31 17 97 14 24  1 85 12 89  8 11 18  5 
 0 77  9 82 15 36  3 52  7 94  1 87  4  7 19 65 13 40  5 61 17 79 14  2 11  7  6 71  2 49 18 18 10 61 12 69  8 50 16 85 
 2 63 15 50  4 88 17 90  5 35 10 20 16 69 18 88 14 43  3 94  1 51  0 94 19 12 12 90  6 36 11  3  9 99 13 37  7  8  8 69 
19 43 15 66 16 92  6 61 11 11  3 53 12 54 18 54  4 42 17 87 14 86  9 34  8  7  0 60  1 52  7 96  5 25  2 55 13 49 10 56 
 6 11 18 71  4 60  5 73 17 91 16 99  3 22  7 74  9 80  1 79 19 97 12 93 14 85  8 72 10 96 13 52 15 70 11 11  2 95  0 85 
 8 83  5 39  3 51 12 49  6 31  7 18 13 94 19 88  0 46 10 98 14 66 11  7 16 20 17 53 15  9  2  7  9 14  4 85 18 32  1 88 
17 98 12 91 11 78 19 43  9 55  5 45  2 59  6 77  3 31 16 91 14 60  1 61 18 62 10 59 13 89 15 25  4 18  7 29  0 49  8 53 
10 26 16 50  1  7 12 78 15 75  6  3  9 28  0 20 11 58  7 95 18 38 19 58  8 70  4 75  5  6 17 26 14 26 13 54  2 95  3 12 
17 81 13 71  5 22 11 56 15 17 16 14 10 65 12 90  1 29 14 47  3  8  9 39 19  9  8 58  0 95  6 25  2  1  4 65 18 44  7 66 
16 62 13 79 18 70  7 43  3 95  2 42  8  6 17 88 19  5  5 12  6 54  9 18  0 83  4 27 12 38  1 49 15 94 11 95 10 78 14 57 
 7 18  6 36 12 70  9 10 16 25  0 25  5 72 18 69 13 15  2 17  3 31 10 60 11 69 15 39  1 54  4 56  8 85 17 47 14 40 19 10 
13  7 10 14  9 11 16 33  6 49  0 82 18 76 19 11  2 52  3 20 14 35  5 73  4 81 15 42 11  4 12 27  8 14 17 73  7 10  1 25 
11 54 17 81 15 52  1 25  4 78  6 23 13 38  3 59 12 22  2 45  7 66 14 94  5 57  8 82 16 51 19 54 10 25  9 97  0 55 18 38 
 8 51 10 21  0 36  7 95 17 68  2 90 16 76  5 84  3 37  9 38 18 30 11 22 13 28 19 90 15  6 12 91  1 73  4 93 14 55  6 38 
19 78 17 17 16 41  3 69  8 94  6 83  9 24 10 55  0 62  5 27 18 24  4 70 15 50  7 21 14 51 12 19 13 20 11 59  2 45  1 22 
19  2 14 85 10 58 15 47 12 66  0 81  8 44 17 41  6 18  9 85 16 56 11  2  4 81  7  1  5 36 13 51  3 25  2 11 18 21  1  1 
10 87  6 65  3 11  4 85  0 37 11 26 12 89  1 27  8 10  7 13  2 62 17 30 16 24  5 79 15 98 18 61 19 65 14 29  9 27 13 14 
15 14 11 47  6 11 12 29  9 18 18 39  7 21  5 80  1 41  0 62 17 72 19 49 10 52  8 83  4 36  3 31 16 51  2 57 13 33 14 47 
 2  9 11 96 13 42 10 39 12  6  3 67  5 59  1 91 16 81 14 90  8  7 18 49 15 96  6 51  9 38  4 56 17 47  0 95 19 23  7 18 
 9 78 17 96  8 79 14 35 11 98  0 10  7  1  6 82  1 56 19 31 10 88 12 52  5 96 15 75  3 54  4 12 16 63 18 44  2 43 13 19 
11 35 17 73  4 40 18 52 12 92 19 77  9 57 16 66  6 36  8  7  1  6  0 69 15 84  5 54  7 53  3 97 13 38 14 93  2 28 10 66 
11 99  6 88 10 17  5 33  7  3  2 58 19 22  9 75  0 57  8  5 14 22  3 11 16 76 13 93 15 11 12 63 18 89  1 96 17 15  4 60 
 4 48  5 96 14 13 12 45 11 77  8  9 15 60  7  8  2 87 16 29  6 56 19 39 17 82 18 34  9 20  0 58 10 41  1 48 13 56  3 41 
17 15  6 77  5 47  8 60 15 51 19 51 12 56 14 30  7 50 11 39  3 25 18 90  2 14 10 67  4 13 16 42 13 28  9 36  1  7  0  2 
 9 12  6 68 15 91  5 12 14 73 10 74 19 76  2 59  3 60 16 20  0 83 17 88 12 25 13 77  7 65 18 44  1 30  8 84  4 28 11 63 
 5 32  2 11 12 76  8 27 13 12 11 67  1 33  3 17  0 12 15 58 18 56 16 31  7 96  9 89  6 28 17 33 14 75 19 99 10 40  4 74 
16 90 14  1 12 68  7  4  2 95  5  9  3 61 13 45  4 63 10 35 11 81 17 77 15  9  6 53  9 44  0 59 19 96  8 76 18 94  1 20 
 1 43 14 79 19 60 12 98  7  3  8  4 17 48 10 72  0 41  3 90  6 94  2 11 11 30 13 10  5 41 15 79 16 66 18 11  4 87  9 68 
10 91  9 65  3 80 12 50  2 66  8 35 19 70  0 98 15 80 17 47  5  9 16  7  4 67  6 22 11 95 13 11  1 56 14 25  7 64 18 57 
15 23  3 75  4 12 10 51  1 45 16 23 18 52  5 77 14 76  8 48 13 52  6 53 11 53 17 18 19  3 12 18  7 56  0 98  9 71  2 25 
12 64  6 20  8 89 11 27 17  5  1 47  4 92 15 23 13 78  5 64  2 77 14 12 18 49 16 40  7  3  9 60 10 54  0 37 19 15  3 16 
