100 20
 8 53 10 40  5 82  0 42  7 98  2 86 14 50 12 57  3 28 15  7 18 13  9 24 11 61 16 54  4 97 13 92 19 86 17  5  6 32  1 11 
 3 44  4 50  6 39 10 81 16 51  5 92 13 65 18 20  1 75  0 60 14 95  9 28 15 14  7 28 17 54 12 55  8 91  2  3 11 28 19 93 
 0 52  8 67 13 64  5 83  2 37  9 21 18 10  1 62 14 74  6 86 17 71 15 43  3 24 19  5 12 78 10 10  7 40  4 51 16 89 11 54 
12 74  9 86 14 71 19 80 16 21  2 14  0 49  6 16  1 26 13 34 17  2  8 17  7 47  5 68 10 21 15  8  4  8 11 51  3 21 18 71 
 9 89 17 50 12 80 18 88 13 16  8 58 15 20 10 32  6 42 14 89 19 79  4 87  5 73  2 74  0 17 11 53  7 81  3 85 16 55  1 57 
11 73  5  5 18 26  0 57  9 45 16 40 19 46 15 15  4 79  7 48  8 20  3 69 17 16 13 29  2 48  1 38 14  6 10 18 12 62  6 86 
 7 57  3 89  9 91 10 96 13 66 19 49  6 88 14 62  5 86 16 80  0 13  1 58  2 81 18 70  4 48 17 61  8 12 12 69 15 76 11 23 
 4 30  5 65  9 26 18 60 10 38  8 66 11 76  0 85 16 39 13 96 12 19 14 75 19  5  7 91 15 14  2 46  1 27 17 69  6 95  3  3 
17  1  4 99  8 97  3 17  7 51 13 63 12 82 14 79  9 60  0 61  5 92 10 58 15 13 19  2  2  3  1 74  6 43 16 34 18  6 11  1 
 0 18  8 77 19 12 18 36 13 64  7 35 17 66  3 86 15 98  6 54  2 11 14 41  9 15  4 87 16 76  5 33 11 85 12 12  1  1 10 62 
10 29 12 17  1 21  6 93  2 39  5 48  0 46 13 60 16  9 17 61  3 43 18 47  8 47 15 92 11  2  7 77 14 58  4 71 19 16  9 50 
 6 91  7 42  5 32 10 96  1 58  3 24 18 56  2 63 15 74 16  1  4 42 14 84  0 56 11 44 13 58  9  1  8  5 19 53 17 44 12 52 
18 48  2 16  4 37 15 60  7 54  5 32 11 69  3 25 13 48  6 72  0 77  9 29 17 64 16 10  1 53 19 90  8 71 14 84 12 82 10 93 
17 23 13 28 14 99 19 49  0 79  4  7  9 32  6 89  5 12  1 22  8 54 12 88 18 69  7 65  3 95 11 84 10 32 16 64 15 33  2 55 
15 97  1 49 13 11  8 79 19 86 17 67  6 51  2 80  9 29  0 75 14 64  7 59  4 92  5 85 16 92 18  3 10 94  3 69 11 34 12 27 
 8 75 12 20  5 87  2 67 19 70  0 23 15 93 14 31  4 72 18 16 11 36  1  5 17 59  3 75  9 85 10 24 16 29  7  5 13 47  6  1 
14 24  6 13 16 27  9 21 11 29 12 19 13 91  4 37  2 93 15 76 19 75 17 15  5 70 18 70  3 91 10 57  7 18  1  8  0 29  8 73 
12 16  2 15 13 76 16  1 11 93 18 87 19 60 17 67 15 27  7 91  1 45  8 28  3  7  0 68  4 97 14  6 10 50  6 71  9 52  5 99 
14 81  6 53  9 16 18 88  3 16 13  3  2 49 15 62 19 26 17 26 12 43  5 31  1 75  7 35  0 72 10 37  4 79  8 94 11 94 16  7 
14 93 19 21  5 92  3 60 12 42 15  9 16 93 13 68  9 28 18 29 10 45  1 94  7 97 17 78  0  5  4 66 11 85  2 39  8 18  6 80 
11 43  7 33 14 21 13 63  3 56 17 90  9 12  8 12  0 79  5 51  4 99 19 98  6 68 15  8 10 61 16 41  2 58 12  8  1 42 18  9 
 7 66 18 83 17 38  0 40  1 57 16 62 12 31  9 21 14 88  6 59  8 82  3 96  4 69 15 11  2 49 19  1 13 56  5 97 11 21 10 26 
 1 53  5 12 16 91  3 86 17 66  2 85 15  2  6 78  4 23  9 28 11 16  8 35 13 55 10 35 14 51 12  3 18 25  0 54  7  6 19 10 
 1 10  0 63 16  3 10 67  8 82 14 12  2 99 17 57  6 70  5 67 11 82 13 37  4 16  9 47 15 90 12 71  7 74 19 75  3 31 18 69 
14 86  0 17  5  1 18 39 10 42  7 35 17 85 13 35  2 93 19 48  6 22 15 76  3 25 16 42 11 65  1  3 12 79  9 95  4 59  8 24 
10 83  7 72 14 50  6 93 13  8 11  7 15 79  9 57  4 95  8 68 19 67 12 15 16 58  1  2  5 34  3 95  0 72 18 96 17 30  2 26 
 0 11  5 22 10 81  2 63  1 95  8  2  9 22  4 81 12  2  6 91 11  7 18 36  3 27  7 87 13 54 16 24 19  4 17 94 14  7 15 26 
18 11 17 21 16 46  8 91 19 30  6 18 10 37 14 35  2  4 15 64  7  9  9 57  3 51  4 41  0 90 12 24  1 28 11 94 13 80  5 32 
18 17  7 40  6 44 14 72  5 41  8 31 16 86 19  7  3 60  2 41 17 11  4 36  1 20 13 23  0 81 15 27 10 53 12  8 11 96  9 77 
19 39  1 40 11 37 17 70  7 13  3 43  4 36  6 81 18 55 16  4 15 60  9 20 12 31  5 66  0  9  8 22 10  6  2 84 13 94 14 15 
 2 52 13 12  5  1 16 32  0 52 11  6  7  9 17  6  9 18 15 97 18 82  6 12 14 62  3 43 19 88 10  4 12  8  8 89  1 49  4 27 
10 69  4 98  5 43  0 94  8 71  9 82  1 42  6 91 17 20 13 52  7 45 16 58 11  1  3 19 19  7 14  9 12 83 18 93 15 62  2 68 
17  6 10 78 12 55  7 62 19  1  2 33 15 26  9 20  0 21 11 99  3  8  5 91  8 76 14 52  4 33  1 15 16 72  6 34 18 34 13 96 
15 49  2 20 16 54  6 34  4 43  8 28 14 59  1 63 11 95 13 32 17 23 12 28 18 47  7 45  9 28  0 46 19 25  5 53 10 18  3 53 
 6 41  4 13  5 43 18  8  7 98  9 75  0 71 15 60 17 20  1 15 11 11 12 65  3 56  2 89 10 48 13 83 16 76 19 82  8 52 14 26 
 5 40 14 20  0 63  8 10 11 23  6 79  4 71 15 12 16 43  3 15 13 62  2 19 19  4  9 46  7 70 18 87 17 45  1 24 10 30 12 76 
15 37  6 58  2  5 12 29  1 20  9 24  4 40 17 34  5 53  3 72 10 12  0 26 18 12 14 40 13 74  8 29 16 43 11 42  7 12 19 43 
 6 62  9 35  2 62  0 20 10 17 11 44  8 94 18  6 13 83  7 85  3 14 14 71 15  5 16  7  4 53 17 43 19  2 12 11  1 18  5 89 
 0 68  1 94  7 87  9 34 12 10  2 76  6 29 16 41  5 30  3 58 19 34 10 83  4 15 13 30  8 28 15 24 17 40 11  1 18 72 14 82 
 2 55 18  9  8 85  0 74  3  6  5 16  9  5 15 24  7 12 11 33  4 30 16 34 10 34 14 17 12 75  6 38  1 49 17 78 19 19 13 35 
 7 51  5 40 11 28  2 84  8 78 15 93 12 39 18 14 14 57 17 52  3 94 16 10 10 35  1 97  0 93 19 87  9 47  6 27  4 18 13 24 
15 43 16  9  7 63  3 11  9 26  1 42 17 53  0 42 14  8  8  7  2 77 10 97 19 43  6 52 11 32 13 23 18 32  4 50 12 99  5 83 
 3 51 13 16 16 83 10 33  2 90  0 24 15 21 17 95  4 11  5 56  8 21  7 37  9 72 11  5 18 94 19 28 14 26 12 67  1 52  6 95 
 7 82  8 72  3 62 19 61  1 22 12 18 11 66  2 28  5 88  0 48 16 87 18 41 14 78 17 70 15  2  4 15  6 13  9 25 13 44 10 62 
 1 28 19 24 12 56  8 77 10 21 14 46 11 30  9 89  2 56 18 71  0 23  5 31 13 26  7 76  6 70 15 93  4 86 17 74 16 79  3 57 
16 40 14 72 10 96 11 52  9  4 17 17 13 25 18 92 12 67  2 77  1 62  4 11  0  3  8 75 15 21  5 79  3 90  7 70 19 40  6 51 
 7  7 15  7 11  2  1 61 13 34  3 46 14  7  9 22  4 36 10 36  6 11  8 95  2 11 18 69 12  8 19 56  5 33  0 69 17 87 16 58 
 8 31  1 11 10  5  3 15 12 51 17 76 15  1  7 51 16 30  9 36  4 17  5 52 19 61 11  9  2 80  6 10 13 75  0 66 18 32 14 14 
 9 84 18 94  4 61 14 90 12  9  5 72  6 66  8  5 17 76 10 41  2 87 15 80  3 50 19 45  1 95 11 12  7 32  0 52 16 28 13 75 
 5 60  8 21 14 60 10 52 12 42  0 47  4 77 11 93  2 27  1 62 13 24 15 37 17  4 19 75 16 56  9 16 18 76  6 64  7 85  3 11 
 3 21 15 10  9 87  5 47 18 40  7 45  1 48 17 27 12 63  0 29  6 36 19 25 11 74 14 19  4 20  8 78 16 51 13 32 10 69  2 23 
15 71 13  7  1 64  7 53  0 89  4 39 17 86  9  2 19 92  5  5 18 52 11 63 16 27 14 75  8 46  3  3  6 98  2 82 12  6 10 70 
12 51  9 89  8 36  2 84 18 95  1 12 19 97  4 75 10 57  0 79 13 91 17 77 15 17 16 86  6 58 11 43  3 15 14 90  7 28  5 45 
17  3 18 31 14 71  8 51 12  6  5 37 11  4  2 81  1 98 15 97  7 58 16 19 10 84  6  3 13 96  9 50  0 21  3 86  4 44 19 76 
 5 66 12  9 16 32 11 78  0 20  8 69 10 46  4  1  7 93  3 81  2 18 13 64 17 40  1 39 14 86 15 92 18 69 19 69  9 17  6 11 
19 98 11 80  2  8  3 98 14 56 10 47  1 26 12 30  9 49  6 55 18 75 13 66  5 44  8 12  7 60 17 81  0 82 15 38 16 29  4 72 
 9 55  8 18  4 32  1 78  5 95 12 40 16 79 19 35  3 41 10 40 15 65 14 89  2 16  6 20 11 86 18 59 13 49  0 86  7 36 17 25 
12  6 16 51  2 26 18 59  3 20  5 65  4 50 11 99 13 96 14 62 10 47  1 89  9 39  6 68 17 28 15 70  7 29  0 71  8 94 19 79 
17 51  2 73  5 20 11 26 16 11 12 46 14 35  3 87 15 84 13 95  4 84  1 97  6 50  9 10 18 99 10 97  7 86  0 83 19 27  8 84 
18 58 13 24  1 99  3 80  0 78 14 10 12 53  6 10 11 99  8 85 15 80 16  7  7 24 19 66  9 92 10 74  4 98  2  9 17 30  5 28 
 7  9  6 88 16 56  0 23  2 92  5 38 19 88 15 64  1 71 10 59  8 11 14 32 18 71  4 62  3 27 13 20  9 54 11 43 12  2 17 73 
17 69  8 47 19 60 13 75  9 13 16 22  7 16  0 60  3 87 18 80 10 33  2 14  1 59  6 99 11 97 14 55  4  3 15 40  5 30 12 36 
 1 56 10  2  7 31  0 70 15 92 16 87 17 49  9 25 13  5  5 42  2 66  3 18  6  1 11 43 12 32 14 46  8 48 18 20 19 11  4 23 
 9 29 14 22 17 17 18 19 13 35 12 28  4 19 15 29  7 80  3 59  5 86 19 95  0 36  6 79  1 82 11 89  8 72 16 27  2 86 10  4 
 1 76  9 31  4 93  5 64  7 87  8 84 15 62 13 41 12  6 10 36  3 12  0 18 14 68 19 96  2 90  6 34 16 67 18 61 11 73 17 64 
 1 41  8 28 16 39 19 34  9 36  2 13 12 95 17 12  0 10 10 30  5 34  3 92 11 14 18 15 15 10  4 98  6 75 13 62 14 12  7 88 
16  9  5 83  6 93  9 98  8 33 15 81  7 40 17 18  1 96 10 52  2 51 14 99  0 34 18 46 12 30 13 55  3 44  4 32 11 71 19 10 
15 83 18 66 16 20 19 22  2 73 14 76  6 59  7 74  5 23 12 90  3 53  0 11 11 43 17 88  1 76  8 65  9 44 10 52 13 25  4 54 
12 78 18 91 15 41 11 54  8 68  7 60  3 94  1  3  2 38  5 22 17 33 16 37 10 76 14 31 13 24  9 46  4 20 19 69  0 53  6 57 
12 80 10 12  4 46  2  5  5 20  7 42  9 66 11 32 19 43 18 58 14 63 17 89 15 54  3 79  0 28 13 42  8 90  6  6  1 66 16 29 
15 63  8 56  4 43 14 33 19 10 13 53  5  2 17 24  1  6  0 61  9 14  3 92 11 27  6 82 10 63  7  2 12 27 18 25 16 51  2 91 
12 23  3 62  6 44 10 32 18 69 14 86 11 24 15 42  0 31 17 35  1 24 13 34  4 12  9 35 19 51  5 73  2  5 16 12  7 52  8 13 
14 53  4 67  2 91 10 63 17 97  6 83  0 51  7 55 19 14  1 78 11 17  3 74 16  9 15 63  8 22 13 71 12 41  9 81 18 54  5 46 
17 28 18 16  9 12  4 30  5 97  2 86  8  9 13 65  6 51 15 30 12 15  3 41 14 91  1 46  0 18  7 21 16 89 11  2 10 77 19 78 
12 91 11 33  3 84  1 79  0  4 18  7  8 49 16 45 14  9 19 69 13 86 10 94  9 90  4 24 17 21  5 15  2 38  7 28  6 26 15 60 
17 94 11 47  2 96 14 70 19 51 10 93  3 64  6 24  8 45  9 36 13 62  0 91 15 18  1 38 16 47  5 98  7 51 12 12  4 26 18 51 
18 50 19 74  3 34 17 45  1 33  5 50  4 69 10 14  2 89  7 86 12 57 14 17  9 80 15 32  8 72 11 33 13 51 16 31  6 43  0 65 
11 14  0  4 13 22 14 27 19 58  3 12  7 92  4 27  6 24 10 13  2  8  5 55  8 66 12 81  9 12 17 13 15 57 16 77 18 25  1 99 
 7 99 17 84  3 72  9 79  4 72  8 47 19 47 15 92 14 49  2 49  0 43 11 33 13 30 16 16 10 35  5  2 12 47  6 59  1 44 18 98 
11  1 17 75  9  2  1 26 10 20 12 54  4 63  0 31 13 44  6 98 19 73  5 41  2 52  7 81  3 30 14 57 16 25  8 70 15 58 18 83 
15 21  0 15  2 60  9 30  3 50  7 31  6 17 12 34 17 15  4 98 19 77 14 57 18 58  5 40 11 21  1 25 16 41  8 78 10 44 13 26 
12 14 16 31 10 86 13 68  7 69 19 71  2 44  6 10  1 76 15 82 11 54  0 40  5 46  9 47  4 42 17 86  3 62 18 41  8 27 14 12 
19 18  5 46 10 22 15 66  8  5  7 12  6 27  1 82 14 24  9 60 16 10  0 93 11 54 12 10 17 60 18 14  3 16  2 48 13 18  4 82 
10 84 13 15  9 59 14 45 18 63  5 71 19 86 15  2  3 42  8 46  6 39  4  9  7  7  1 32 17 78 11 12 12 78  0 68  2 77 16 90 
 2 33 15  2 11 35 14 91  8 49 16 21 19 29  7 60  4 88  1 71  0 14 12  6  9 40 13 53 18  2  6 88  5 38 10  7 17 43  3 34 
 4 16  2 95  3  2 15 88  8 45 11 93 18 77 17 10 16 71 12 69  1 33 13 22 14 54 19 56  5 31  7 18  0 63 10 82  6 98  9 70 
12 15  0 42  4 44  8 80 19 15  6 24  5 76 10 71  9 38 15 27  7 48 18 38  3 73 14 42  2  8 13 52 11 20 17 40 16 51  1 99 
13 46 15  3 19 82  5 20  4  1  7 45 18 79 16 70  3 46 11 48 12 63  2 87  9 47  0 43 10  1  1 48 14 65  8 11 17 25  6  9 
14 12 13 17 16 55  8 75  6 56 10 89 11  6  0 46  9 22 15 44 17  2 18 14  7 36  1 96  3  6  4 37 19 62  5 94 12 77  2 14 
 6 37  3 28 12 16 13 80  2 10 15 90  0  5 10 17 19 28 18 40  9 76  1 30  7 52 17 77  4 15  5 50 11 99 16 99  8 64 14 63 
 2 88 14  4  9 26  6  9  4 81 16 47 11 82  8 52 12 65 13 63  1 37 18 59  0 78  7 51 17 75  3 24 15 77  5 28 19 97 10 98 
16 79  8  7  9 25 12 92 18  8 11 90 13 82  5  9  4 53 19 95  6 51  1 54 17 29 15 86  7  7  2 58  3 66  0 84 10 42 14 10 
15  5 16 52 11 70 18 59 14 10 10 88  5 56  0 55  7 73  3 65  6 66  8 17  9  5 12 22  1 40 17 42  2  1  4 51 19 95 13 28 
14 30 12 62  6 46  8 14  4 62 16 16  5 24 19 17 15 70 11 66 17 57  1 55  2 79  9 99 13 27 18 17  3 75  7  6  0 14 10 61 
10 71 11 22 14 68 12 74  4 39  9 68  5 28 18  7 17 67  3  7  1 92  7 45 16 67 13 35  6 70  0 52  2 65  8 99 19 21 15 51 
16  5  6 73  3 10 15 75  7 16  4 70 12 39  9 62  8 65 13 99  2 57 10  7  1 54 19 52 14 47  0 43 18  1  5 65 11 88 17 36 
 5 30 19 82  8 82  4 54  0 94  1 28 14 75 18  1 13 84  7 61 17 17 11 45  2 72  6 58  3 78 10 63 15 50  9 77 16  8 12 25 
 9 17  6 78 16 20  4 92 19 57  5 95 18 25 11 44 13  8 15 93  1 21  2 21  7 47  8 38  3 33 14 48 17 39 12 69  0 15 10 70 
 4  2  6  4  5 44  7 38  8 93  0 94 17 93  9 18 13 38 19 66 12 38 14 60 11 87 16 49  1 52  3 72 10 12  2  5 18 21 15  6 
17 63 14 21  2 21 12 53  7 79  9 10  8 13  5 45 16 63 18 39  0 38  3 50 13 80 15 45 19 84  4  2 11 29  6 31  1 27 10 96 
