100 20
 1 91  0 20 11 60  9 13 19 54  8 38  6 69 14 66 17 78 13 32 15 47  7 81 10 96  2 69  5 74 18 91  4 73 12 67 16 89  3 81 
15 64  1 49 14 88  9 17 17 30 11 77 12 97  3  5 10 87  7 99 13 22 19 42  8 50 16 27  6 19  0 55  2 77 18 78  4 20  5 56 
14 62  9 62  2  5  0 72  3 96  6 25 18 57  8  4 16 36 19  2  7 51 12 13  5 80  4 82 10 49 15 96  1 27 13 25 11 83 17 42 
 4 84  9 31 11  2  8 31  1 15 18 63 13 19 16 38  7 75 12 35 15 52 10 37 17 91 14 34  2  7  5 63  3  7 19 11  6 45  0 68 
17 15  9 75 18 88 14 47  2 61  0 91 10  7  7 28 16  8 11 96  6  4  4 91 19 22  8 60 12 55 13 22 15 36  1 37  3 43  5 13 
 8  2 11 41  4 28  7 90  9 14 16 71 18 71 15 63 17 90 19 44  5 87  6 72  3 31  2 57 13 42 12  1 10  6  0 74 14 27  1 86 
11 65  1 56 16 77  3 30 10 24  0 59  5 13  6 47 17 56 18 51 15 55  7 11 19 74 13 85  4 46 12 14  2 57 14  8  9 36  8 17 
13 40 14 27 17 70  2 49  5 97 16  8  3 20  6 11  9 78 15 47 18 69  7 58  4 35 11 20 10 52  8  5  0 56  1 68 19 44 12 74 
11 13  9 47  7 69 16 24 10 89 18 97 13 51 12 41 17 29  6 69  0 60  4 50 15 83  5 64  2 86  1 96 19 58  8 57  3 60 14 47 
 0 23 10 40  7 84 13 77 19 60  9 53  2 48 11 58 15 14 14 16  8 20 12 79 17 88  5 25 18 29  3 68  4  3  1 85 16 49  6  6 
17 14  2 41 15 11  8 36 12 62  9 82 18 55 16 78 13 39  7 99  6 93 19 73  5 93  1 91  3 36 10 11  4 78  0 70 11 70 14 62 
 8 84  2 14  1 38 18 36  4 68 11 16 10 92 17 41 14  4  9 47 19 50 13 88  6 92  5 29  0 23 16 19 12 10  3  9 15 24  7 74 
 2 93 12  8 16 35  5 11  9 82 14  2 18 41 10 34  1 22  7 98 17 72  4 67 13 98  8 19  6 16  0  7  3 82 15 67 19 24 11 53 
10 84  8  6 19 73  2 99  1 69 17 77 12 25 18 39 13 27 14  8 15 67  4 38  3 62 11  8  9 35  6 44  5 45  0 56 16 46  7 35 
18 26 15 83 19 13  9 37  7 71  1 24 12 20  3 45  2 33 11 48 17 75 16 15 10 29  0 15  5 44  4 55 13  1  6 21  8 67 14 27 
 4 98  8 22  3 97  7  9 18 55 16 90 11 51 13 30 10 48  5 47 15 48 17 78 19 20  9 14  2 21  1 97  0 69 14 25  6 55 12 52 
 7 44  1 51 17  7  0 59  3 48 14 86 15 30 18 99  8 51 13 47 19  1  2 16  6 75 16 29  9 64 12 65 11 94  4 83  5 61 10 36 
 8 23 15 24  7 60 19 59 18 77 17 43 16 20  6 99 11 28 10 65  3 85 12 22  9 94  0 62  5 24 14 56  1 75  4 11  2 48 13 26 
19 88  7 62 17 75  6 83  1 71  4 32  0  6  8 89  3 44 11 30  9 10 12 35 10 78  2 40 15 48 14 82 16 77  5 73 13 19 18 86 
11 92  8 76 16 53 19 85  2 46 10 42  0 34  9 85 14 53 17 20  1 24  3 15 18 26 13 11 12 28  5 96  6 49  4  7  7 33 15 82 
 5 31 11 10 18 19  2 83 10 10 15 77 16 95  8 57 12 49  1 67  0 34 14 21 19 27  4 43  7 56  6 93 13 47 17 80  3 28  9 78 
 1 55 12 46 13 33 14 46  9 50  8 24  7 66  5 30 17 88  0 26 15 79 10 32 18 67  6 24 11 20  4 67 16  4  3  8  2  4 19 31 
13 15  2 30 14 96 17 50  6 73 10 42 11 56  0 67  4 16  7 37  5 28 18 14 16 12 19 17  1 12 15 89  8 90  9 92  3 92 12 42 
14 98 15  2  1 61 11  9  7 48 13 69 17 65 12  8  9 82  3 64 10 61  6  5 16 21 18 97  5 63  8 85  0 18  2 39 19 91  4 64 
15 70 12 51  3 89 13 76 18 77  5  6 14 22 19 29 17  5  1 36  7 54 16 31  9  6  2 87 11 84  0  3 10  5  4 88  8 35  6 89 
 3 56  9 80 19 14 17 28 15 14  2  6 10  6 16 79 12 84 11 23  7 76 14 38 18 28  8 98  1 98 13 38  5 57  4 27  6 62  0 94 
12 92 18 26  8 24 10 18  9 30 13 11 19 62 16 38  4 52  1  3  3 86 15 17 11  2  5 50 14 87  6 10  0 37  7 42  2 30 17  5 
 0 48 10 89 11 99  5 49 16 54 15 57  7 32  3 86 18 75  4 64 13 99  1 60  6 71  2 52 12 74  9 18 17 13  8 59 19 26 14 59 
 9 26  7 38  0 98  3 29  4 29 15 53 13 50 17  7  2 81  6 78 10 85 19 26 11 27  5 52 12  7  1 94 14 86  8 54 18 51 16 17 
 8 95  3 25  4 71  7 16 11 64  6 23 18 77 14 29 16 90 19 55  2 83  1 18 12 42 15 78 10 33 13 12  5 28 17 97  0 61  9  7 
11  1 14 54  1 42 15 78  2 15 10 71  4 69 16 10  3 67  9 27  5 82 12 59 18 93  7 87 17 55  8 61 19 70  0 58  6 86 13  7 
13 42  8 71 18 94 19 73  6 58  9 22  5 42  1 13 16 56 11 74  0 12  2 26  4 70 14 91 15 68 12  1 10  2  3 12  7 91 17 53 
 0 67 14  2  6 68 19 89  1  4  3 83 16 63 18 58 10 46  2 62  9 99  8 90 11 91 15  9  7 83  4 15  5 83 13 47 17 95 12 42 
 2 87  3 27 17  7 14 33  5 92 18 52  1 82  0 29  8 88 16 21  7 45 12 61 19 34 11 53  9 26 15 23  4 69 10 73  6 87 13 53 
18 46  9 51 16 57  3 88  2 71 11 10  4  9  5 45  0 90 12 16 10 55 15 91  6 65  8 36 14 19  7 70 17 92 19 16  1 76 13  1 
18 43  5 46  7 63 10 62 12 72 19 12 16 98 17 53 11 57  3 67  8 45  4 90  0 83 14 36 15 54  9 85  6 29  2  6 13 36  1 32 
17 28  7 65 12  7  4 50 15  1  6 61 18 56  5 21  2 39 16 57 11 43 19 34  8 57 10 39  3 22  1 80 13 88  9 66  0 90 14 20 
10 10  6  2 18 11  4 82  9 56 16 78 14 75  2 40  7 34 13 42 11 51 19 17  1 62  8 32  5 88  3 70 12 50 17 78  0 39 15 98 
 3  8  1 26 18 11  5 29 17 99  4  9  2 58 10 60  7 52 14 36 19 14  0 47 13 70 12 10 16  1  9 66 15 51 11 96  6 41  8 73 
14 75  4 89  1 92 12 16 10 52  3 98 19 21  7 50  9 61  8 22 11 78 18 51  5 70  2 41 13 39  6 19  0 91 17 62 15 46 16 39 
11 52  3 91  1 24  0  2  7 43 12 37 16 11 19 55 14 51  4 27 15 28  5 91 10 45  2 78 17 29  9 66 13 87  8 86 18 16  6 20 
 8  2 10 27 17 80 13 11  4 19 19 60  6 58  2 16  3 34  5 68  1 89 14 83 11  5  7 43 18 70 15 10 16 65  0 70  9 12 12 24 
10 96 15 86  9 48  7 74 16 10 13  4  8 55  5 53  2 56 17  1  0 52 12 52 14 86 19  6  6 65 18 58  1 80  4 96 11 38  3 94 
18 68  3 23 11 50  9 80 10 83  0 71 12 33  7 48  6 28  4 60  2 76  1 18 14 32 17 65 13 33  8 98 19 28  5 92 16 95 15 11 
10 74 12 79 17 40  1 53 11 24  9 30 15 52  6 26 19 90  2 53 16 50 18 91 14 70 13 90  5 31  7 35  3 66  8 90  4  1  0 21 
 5 45 16 17 11 81  8 97 17 81  4 67 10 82  6 24  3 27 14 52  2 59  7 55 12 74  9 25 15 58  1 62 13 29  0 88 19 97 18 80 
10  1 11 24  1 11 16 88  0 77  3 64  7 27 19 13 14 52 17 49  9 19  4 62 18 10  8 42 15 97 12 49 13 76  5 59  6 36  2 43 
15 92 10 82 16 21 11 70  8 89  0 26 19 24  5  1 17 22  7 12 14  6 12 34  3 88  1 28 13 54  9  8 18 74  2 41  4  1  6 74 
19 29  2  7  9 78 12 90  6 78 11 94  5  7 16 53 10  8 15 92  8 18  7 59  4 59 13 96  3 52  1 69 18 64 17 76  0 82 14 36 
14 18  4 64 12 86 16 82  0  6  9  2 17 82  2 46  7 22  6 13 19 92  1 38  5 72  3 45 11 66 13 48 10 10  8 94 18 83 15  5 
 7 27  0 30  9 99 13 72  4 17 11 69  2 59 10  3 19 93  1  4 14 30  3 18  8 36  5 65  6 93 12 37 15 10 18 45 16 14 17 98 
16  9  7 66  5 33 10 35  9 25 13 44  1 13  3  8 14 47 15 80  8 99 12 23 18 59  0  2 19 89 11 16  2 30 17 45  4  3  6 55 
11 74  3  7 14  3  2 96  6  9  9 44  7 15 19 16  8 98 15 19 10  8 12  1 13 87 18  9  5 48 16 76  1 26  0 63 17 52  4 12 
 8 90 10 39  3 58 16 30  0 35  6 80  9 69 11  7  7 70  1 52 19 88 17 56 14  8  4 12  2  4 13 48 18 57  5 34 15 70 12 13 
19 91 11 39  7 86 12 47  3 61 16 19 14 72  6 63  8 44 10 95 15 52  0 61  9  7 13 94 18 77 17 58  5 11  4 21  1 54  2 80 
10 14 14 62 15 13 12 84  1 15  8 19  9 70 18 32 11 57  2 38 17 90  5 37  6 31 19 64  3 20  4 12 13  9  7 75 16 90  0 15 
 3 48  8 13 13  5 12 13 18 19 15 87  4 80  7  6  6 54 16 41  5 56  9 10 19 64  2 26 10 33 11 11 14 20  0 32  1 24 17 27 
 1 65  3 89  2 39  7 77 15 18  0 42  6 45  5 83 12 54  4 63 16 82  9 50 11  9 17 72  8 46 18 51 14 36 19 27 13  9 10 48 
15 34 18 85  8  2  5 29  3 17  4 60 10 69 14 55 16 34  7 12  2 17 19 60  9  1 13 63 12 62  0 14 11 76  6  2  1 85 17  9 
 1 13  3 44  9 98  6 16  0 63 16 31 18 73  4 75 10 31 15 46 14 85 19 79  8 67 12  6 11 25  2 40  5 39 17 16  7 60 13 64 
17 23  3 94 19 55 13 25 12 93  1 30  6 95 16 56  9  1 10  3  7 77 18  1 11 52  8 52  5 21  2  5 15  1  0  9  4 23 14 78 
 2 10  4 68  5 56  0 72  7 63  3 80 16 91 11 80  6 22  8 70 18 39 10 38 17 57 12 79  1 60 14 19 15 95 13 35 19 41  9  3 
14 55  5 50  8  2  3 69 11 44 15 19  4 70 13 71 16 53  1 98  7 65 12  4 19 46  9 94  6 48  2 86 10  6  0 34 17 97 18 45 
18 85  0 38 11 27  2 93  1 81  4 17 15 14 16 78 17 89  3 90 10 97  5 97 19 12  9 28  8 72 14 93  6 18 12 90  7 53 13 23 
 9 83  0 11 15 94 13 44 12 80 18 94 14 24  6 65 10 22  7 74 16 62  1 58 11 86  5 49  8 94  2 29 19 75  4 13 17 26  3 82 
13 31  7 76 11  9  2 16  4 28 10 88  6 97 19 43  8 14  0 89 17 38  1 66 18 62 14  8  3 41  9 81 15 38 12 16 16 26  5 16 
 7 51  9  1 12 80 11 63  3  1  2 61 18 98 13 58 10 47  1 15 14 83 16 16  8 50  6 36  0 13  4 46 17 97  5 87 19  3 15 50 
13 98 16 65  1 22 19 31 14 38 11 45 15 72  4 72 18 37  5 63 10 37  0 50  9  6  7 30  2 11 12 34  6 46  8 34  3 37 17 82 
15 31 10 19 12 30 13 80  5 24 17 74  2 67  6 39 11 35  0 79  3 42  1 24  7 45 19  5  8 13 14 44 16 93  4 33  9 34 18 28 
11 19  4  4 15 52  8 82 13 42 14 71  2 19  3 47  7 17 10 67  6 38  0 23  5 79 12 95  9 21 16 56 17 19 19 52  1 25 18 68 
10 58  9 37 11 46 19  4 12 73  7 86 18  8  6 51  8 46 14 38 16 33  0 34  2 89  3 90  1 73  5 81 15 37 17 50 13 80  4 63 
10 74 18 26 15 75 19 40  3 29  1 79 16 83  2 40  5 35 13 53 14 57 12 99  0 57  7 94  8 99 11 53 17 93  9 75  6 29  4 79 
18 39 10 21  2 51  6 92  7 92  1 36  4 73  5 53  0 62 17 97 15 62  3 17 11 80  9 29 14 86 16 89 12 26 13 29  8  9 19 83 
14 89 18 88 19  9 11 63  6 64 16 85 10 95 15 87  5 44  1 15 13 23  8 10  3 93 12 67 17 69  7 13  9 35  2 71  0 51  4 90 
 1 53 14 72  2 49 18 11  6 52  3 61  0 36  4 99 11 49 12 83 19 10 13 32 17 39 16 39  8 86  5 13  9 54  7 91 15  6 10 51 
16 77  1 59 11 83 17 50 12 88  9  8 14  9  0 58  6 45 18 25  7 11  3 34 13 68 19 35  5 26  4 48 15  1  8 48  2 12 10 56 
 4 24  3 60  0 20  8 16 12 65  2 66 16 47 18 43 14 63 17  9 15 14  6 70  5 46 11 32 10 54 13 17 19 85  7  6  9 12  1 11 
13 89  9 19  1 25 12 62 11 72 18 21  6 32  8 56  7 61  2 23 16 33  5 66 19 65  3 10 10 27  0 39 15 46  4 31 14 23 17 24 
11 15 19 99  0 14 12 33  5 81 18 39 10 49 17 96  9 31  2 62  3 40  6 54  7 53 16 91  1 87 13 36 14 79  4 27 15  2  8 34 
 6 41 13 15  7 27 19 90  1 91 14  2 15 69  3 89 17 30 11 67  2 37 12 22  9 79  8 78  0 73 10 71 18 67  4 48  5 10 16 54 
 4 61  7  2 13 27  9 20  5 75  6  2  0 58 15 36 17 54 14 46 10 85 19 27 11 63  2 42 16 88  8 75 18 30  1 46  3 19 12 12 
12 19 18 59  3 73 13 90  7 20 10 27  4 36  6 16  9 53  8 68  2 10  5 59 11 83 19 22 16  6 17 91  1 22 14 74 15 99  0 61 
18 97 15 85 11 29  7 20 10 99 14 29  6 49 16 86  3 96  2 83  0 14  4 95 13 17  9 45  1 65  8 48 19 64  5  9 12 26 17 36 
 7 59 18 54  6 77  4 99  1 90  9 61 19 65 17 58 16 42  2 86 15 64  5  3 13 55  8 79  3 88 14 13  0 63 12 66 11 83 10 85 
 7 92  0 29 11 62 14 81  9 81  2 97 10 96  3 66  4 81  1 75 13 93  8 51 17 73 16 76 15 33 19 34  5 95 18  4  6 59 12 69 
13 18 14 59 11 15  7 56 19 85  1 32  6 68 15 70 18 24  4 53  8 12  5 69 10 35  3 89 16  6 12 41 17 87  9 41  0 85  2 51 
 2  4  6 70 10 84  8 80 11 17 15 43 13 50  5 17 19 50 18 66  7 24 12 15  9 90  1 83 14 45  3 15  0 72 17 26 16 89  4 83 
15 13  7 52 14 88  0 54 12 50  3 59  6 51 19 36 13 87  9 98 11 26 10 56  5 89  2 38 18 48 17 58  1  3  8 72 16 10  4 81 
19 63  4 29 15 64 13 50 11 11  7 38  0 19  3  7 14 59  6 40 12 56 17  5  2 59 16 83 18 46  1 41  5 90  9  4 10 24  8 34 
 4  9  0 82 11 69 10 14 15 77  8 39  9 27 16 98  7  8  6 53  2 15 19  1 14 68 12 56  5 72  1 61  3 49 18 35 13 67 17 21 
 1 84  2 41 10 78  4 53  7 82 14 32  9 51 11 27 19 56 18  4  8 19  5 41 12 80  0 33 16 71  3 18 15 13 17  3 13 43  6 95 
 7 68 18 59  2 67 15 24 10  2 11 69 13 45 17 85  9 51 19 46 14 86  1 11  4  2  6 97 16 53  5 44  8 64 12 33  0 32  3 53 
 7 24  8 97 14 11 15 69  1  6 10 12 16 84  3 32 13  1  0 90  6 32  2 98  5 79 17 36  9 56  4  1 19 17 18 84 11 80 12 64 
12 47 17 64  5 16 18 64 16 69  1 16  7 45  2 62  0 16 10  5 11 26  3 70 14 48  9 58 19 75 13 13 15 11  4 47  6 50  8 29 
17 72 10 51 19 16  4 32  3 43  8 61  1 11  5  1 14 74 12 17  9 15  2 72 13 87 18 81 11 26 16 26  6 74  0 30  7 79 15 40 
 5 59 11 69  1 98  6 60 16 73 14 37  9 35 15 47 13 17  3 93 18 83  7 27  0 95  2 77 19 67 17 30 10 78  4 26 12 45  8 55 
 1 42  3 93 13 88 17 89 14 31 19 89 11 59  6 86  8 28 10 23 16  4 12 72 15 43  7 28  0 52  9 18 18 60  5 91  2 86  4  6 
 2 84  3  8 13 84  4 67 17 84 14 11 12 89 19 38 18 12 15 74  9 14 11 50  5 83 10 42  8 77  0 88  1 58  7 58 16  8  6 17 
12 28 14 15 11 97  5 31  1 15  6 35 16  9  9 59 18 50 13 98  0 86 10  6 17 49  3 24 15 89  4 56  7 85 19 14  2 78  8 20 
 1 51 11 25 14 56  0 67 18 51 13 44  4 80 19 66  5 23 12 74  7 12 16 52 17 13 15  4  8 36  2 69  3  5  6 21  9 57 10 79 
