100 20
 3  1 10 32 16 15 19 15  7 72  1 41 12 49  2 17 15 12  5 39  0 66 17 64  9 10 13 24 14 60 18 76  6 72  8 47 11 99  4 92 
 2 28 18 62  9 64 16 95 14 94  0 86  3 87  6 11  5 46  4 64 15 86 12 76  8 11  1 32 10 44 17 31 11 77 19 99  7 16 13 97 
 7 78  2 28 11  2 14  3  0 88 12 69 13 34  3 99  8 33  1 70 18 18 16 22  5 41 17 20 15 21  9 44  4 66 10 18 19 73  6 80 
 1 20 18 22 12 76  6 43  8 60  5 91 19 88 11 26  9 12  3  8  2 65 13 39 17 49  4 83 10 30  0 78 15 21 14 96  7  6 16 56 
 6 56 12 52  8 73 10 20 11 76 19 73  2 21  3 21  4 40 18 69 16 19  5 93  0 92 15 74 13 88 17 74  7 95  9 43  1 50 14 77 
 4 79  7 57 17 70  5 34 16 28 15 28 12 84 11 40  0  6  6 53 19 42  2 99  3  7 18 18  1 23  9 12 14 87 10 86 13 13  8 66 
 3 67 16  2 19 69  6 87 10 56 17 22  4 24 15 67  1 60  0  7  9  2  8 71  2 63 12 63  5 99 18 79  7 84 14  7 11 97 13 84 
12 19 19 98  5 65  4 56  8 21 15 81  9 91  2 52 16 86 10 64  1  2 13  6  7 81 11 81 17  5 14 84 18 88  3 70  6 76  0 72 
 3 73  4 73 13 24  8 26 19 22 18 53 14 94  5 81 12 25 15 57 10 47  1 86  9 79  6 92 11 45  0 17 17  3 16 12  7 60  2 60 
13 66 18 71 19 69 17 77 16 95  9 30  6 45 14 46  8 35  0 33 12 95  1 20 11 30 10 50 15 92  3 97  4 99  2  2  5  2  7 24 
19 91  4 85 17 16  3 91 15 40 18 59 11 64  0 30 10 62  7 94  6 67 14 75 12 22  5 46  8 97 16 40  2  9 13 38  9  7  1 94 
 2 99 10 82 13 94  8 20 11 41 12 85  9 21  4 80 16 53  6 50 15 73  1 37 14 89 19 60  0 30  5  5  3 10  7 12 17 40 18 29 
 7 34 17 27 11 75  4 74  2 82 12  9 15 75  9 87 18 81 16 12  8 12 14 26 10 18  5 89 19 84  0 87  6 14  1 93 13 20  3 81 
11 93  1 48  6 61  2 57  7 89 17 62 10 51  5 89 16 43  4  9 13 73 19 24  3 17  8 73  0 12 15 76 18 72 12 11 14 34  9 75 
18  7  7 62 11  2  3 28  9 73  1 57 12 51  4 75 13 86  5 25 14 98 17 63  8 41  2 64 15 24  6 62  0 40 16 21 10 34 19 44 
 4 71  1 44  6 66 18 93  0 61 13 66  3 42  7 51 15 32  5 52  8 31 11 30 12 63 10 29  2 90 19 75 17 94  9  9 16 40 14 22 
11 14  4 46 10 10  5 52 14  7  8  1  6 13  0 77  9 37  2 63 15 37 19 59 13 33  3 30  1 78 17 38  7 77 18 12 16 46 12 33 
17 72  3 71  1 84 15 10 13 95  6 24 12 18 19 56  7  3 16 49 11 77 10 19  0 70  4 24  2 50 18 19  5 60 14 45  8 77  9  6 
14 11 15 20 12 12 19 61 17 99 18 29 10 38  1 76  6 48 13 56  3 98  9 80  4 52  0 30 11 23 16 59  7 66  2  4  8 43  5 26 
 5 80  2 71  4 50 10 69 19 27  0 54  3  4 18 60  1 93  7  1 16 76 12 11 11 88 14 87  9 42 15 73 17 87 13 40  8 15  6 72 
18 79  1  4 14  8 11 65 19 72 16 70  9 69 17 99  3  1 15 73  0 57 13 52 10 80  7 85 12 58  5  8  6 31  4 91  2 89  8 60 
10 88  2 39 19 70  6 65  0 78 15  9 18 65  5 54 13 96 14 14 12 46 17 51  7 64 11 55  1 56 16  6  4  2  9 15  8 53  3 20 
 4 57 14 39 17 78 16 71 15 91  3 57  5 73  7 36 11 81 19 92 18 59  9  8 13 24 12 48  2 88  0 69  6 49  8 55 10  7  1 82 
12 31  8 56  3 97 14 98 18 18 19 55 15 69  6 33 11 73 13  4 16 44  0 97  1 76 10 21  5 39  2 73 17 85  7 30  9 65  4 15 
 8  2 16 76 17 94 12 62  1 28 14 91  2 37  6 62  7 49  3 34 10 71 18 65 13 56  0 78  5 10 19 52 15 43 11 92  9 34  4 58 
 8 28 13 79  9 40  0 44 10 33 19  2  4 85 18 53 17 19  7 71  2 16 15  8 12 38 11 52  3 98  1 30  5 15 14  5  6 16 16 88 
 2 89  1 36 19  2 15 42  8 74 11 89  5 69 16 13  7 14 12 83  0 46 18 78 17 69 13 48 10 64  9 64 14  2  3 34  6 38  4 40 
13 30  4 92 18 48 11 93 12 74 15 71  3 85 14 25  5 98  8 71 10  1  9 83  0  8 16 73  6 44  1 26 17 38 19 68  2  9  7 63 
19 45 16 77 17 11 18 49 12 54  3 93  6 42  8 43 15 57  9 17  7 61  4  9  1 65 13 32  5 28  2 53 11 63 14 17  0 66 10 66 
 7 57  5  4 13 30 12 33  9 99 19  4  1 51  0 42 14 76 10 44 17 16  8 90  6 89 15 91  2 61  3 81 11 86 16 92  4  7 18  7 
18 33  1 58  8 22  5 22 13 63 12  7  7 22 11 78 19 84  4 95 10 83  2  7 16 66  3 35 14  9  0 29  6 43 17 88  9 95 15  7 
 8 88 12 52 17 18  7 46 11  8 14  5 10 76  1 20  5 19 18 71  0 30  9 22 15 57 13 53  3 91  6 68 19  8 16 47  2 81  4 33 
15 48 13 53 14 34  2 61 10 23  9 11 12  5 19 81  0 30  5 25  8 13 17 68  1  9 16 38 18  6  3 99 11 18  4 19  7 53  6 81 
18 50  7  3  5 61 15 88 12 98  6 56  4 92  0 87 13 34 11 29 17 89  9 80  8 96 16 26  3 41 10 97 19 66  1 49  2 19 14 33 
19 59  4 66  7 26 17  8 14 41  3 63 12 69  8 64  6 58 18  2  9 92 10 26  2 13 11 40  1 88 16 34  0  8 13 45  5 94 15 72 
11 46  4 95  7 36  2 26 15 79  3 76  0 37  8 73 12 41 10 94  5 82 16 36 19 48  6 96 13 73 18 79 17 30  1 15 14 87  9 34 
17 30  5 17 11 94 10 82  3 44 18 78  6 97  0 99 15 82 13 87 16 56 14 87 19 42  9 52 12 87  7 15  4  1  8  2  2 90  1 71 
 4 40  8 13 18  6 13 43  3 46  7 84 15 66  6 14  0 66 16 16 19 94 12 63  9 16 11 36 17 40 10 49  5 53  2 34  1 60 14  8 
 3  1  8 40  6 59 11 83 12 69 15 76  4 38 17 46 13 65  0 65 16 61  1 73 10  2 14 63 19 20  7 74 18 45  9 40  5 76  2 70 
10 37  8  4 12 33  3 80  1 41  7 74 15 67 13 27 16 83 18  2  2 52 11 53 17 59  0 27  6 15  4 44 14 45 19 17  5 55  9 59 
 0 10 17  9 18 19  7 60 10 88  2 88  1 29 16 60 13 48  6 85  5 89 11 47 14 98  8 16  4  9 19 98  3 52  9 95 15 49 12 96 
 3 77  2 96  4 70 11 19 16 40  8 97 12 12  9 63 15 82 13  7 14 76 19 93  5 86  7 82  6 46  1 19 17 47 10 90  0 45 18 11 
 6 67  8 42  7 17  5 55 10 59 17 50 12 58  1 89  9 90 14 49 13 86 16 20 15 41 19 19  4 53 11 94  3 87  0 63 18 53  2 21 
 2 20 12 70 16 20 11 71  0 39 14 35  4 19 18 90  8 60  7 24  5 77 13 59 10 55  3 17  9 35  6 77 19 93  1 33 17 60 15 16 
17 53 18 46  6 12  7 21  0 20  3 22 15 27  8 38  1 43 10 66  9 38 11 98 14 55  2 41  5 99 19 17 16 91 12 73  4 24 13 59 
12  5  9 82  8 32 17 28  2 43  5 50 14 85 13 58 10 13 19 50 18 20  1 51  3 17  4 54 11 16  0 20  6 98 15 45 16 87  7 56 
 6 74  2  8 13 20  7 63 16 93  9 22  4 87 11 66 12  9 14  4 15  7  8 30 19 92 10 36 18 68 17 78  5  6  1 48  0 85  3 26 
 0 44 10  4 12 16 13 72  6 70  3 52 15 85  4 79 16 79 14 76  9 64 11 71  2 83 18 37  1 84  5 11  7 22  8 28 17  2 19 57 
 3 86 17 45 15 13 13  3 19 24  7 47 12 30 11 19  6 17 18 25  8 92  4 75  0 96  5 24 16 16  9 74 14 67  1 70  2 42 10 90 
16 47 18  6 10 19  5 38  4 12  8 93 15 55 14 63  3 41 19 14  0  3  6 11  9 76 17 32 12 83  7 33  2  2 11 76  1 73 13 27 
10 58  7  2 13 77  8 72  6 98  5 60 16 38  2 44 18 67  9  1  3 57  0 48  1 37 15 89 12 81 11 79 19 81 17 33  4 22 14 33 
 1 26 10 15  7 17  4  9 19 91  3 40  5 18  9  6 13 49  6 90 15 11 11 68 17 26 14 67  2 14 18 94 16 85  0 96  8 11 12 97 
14 15  8  3  5 51 16 15  0 69 19 12  9 23 15 33 18 66 10 24  4 44  1 78 17 48  3 50 11 89  7  6 12 58  2 20  6  5 13 69 
15 62  2 52  8 19 18 92 13 40  0  1  6 97  9 56 17 74  4 46  3 33 12 33 10 28 19 84 14 51 16 25 11 59  5 90  1 38  7 59 
 0 64 12 37 15  2  1  9 10  6  3 34  4  1  7 42  9 92  6 61 19 48 14 61 17 62 13 11  2 78 18 29  5 40  8 15 16 61 11 39 
 9 81 13  9 15  4  6 67 17 35 10 89  8  7 16  1  1 55  2  3  4 11  0 35 19 66  3 19  5 28  7 69 11 22 14  3 12 42 18 56 
 4 91  1 26  2  5  5 98 18 10  0 72  7 78  8 81 14 11 16 51 13 63  6 80 11 29 12 63  3 66  9 80 15  3 17 68 10 50 19 16 
 4 95 13 43 17 70  5 12 10 73  3 10  2 88  6 85 14 43  0 57 16 70 12 15  9 13  8 54 15 96 19 99  7 18 11 64  1 85 18 53 
 4 48  1 16  3 56 15  9  6 66 18 83  9 26  7 40 19 28  5 73 10 79 14 47  2 82 16 59 13 64  0 37  8 79 11 27 17  6 12 99 
13 99  0 33 19 85  2 27  5 93  3  3  6 56 16 11 12 81 11 42 17 10 10 73  9 27 15 59  8 18  7  1 14 62 18 55  1 59  4 60 
 0  6  5 67 14 42 11 39  1 14  4 39 12 49 10 12 15 91 19 67  8 91 16 69  2 38  3 13 18 40 17 39 13  4  9 55  6  2  7 85 
 8 83 11 15  6 18 12  9 18 87  4 66 16 24 13  2  0 90  1 54 19 28 17 87  3 50  5 76  2 59  7 28  9 53 10 79 15  9 14 31 
 6 71  2 92  0 38  4  6 14 86  1 17 18 22  3 88  9 80  5  4 11 13 13 82 12 44 19 71  7  7 16 36 15 43  8 10 10 65 17 21 
 1 49 13 50 19 60  2 63 18 51  5 62  7  4  3 86  8 27 12 32 15 32  6 66  4  4 14  4 16 23  9 99 11 99  0 78 10  2 17 38 
 2 47  0 76  1  7 12 62  7 32  3 64  8 28 16 45 14 65 11 91 19 36  9 44  4 80  5  5  6  7 10 20 15 54 17 87 18 85 13  5 
 0  2 15 78  3 78 11 39 17 94  9 94 16 83 10 46 12 97  4 19  7 64  8 96 18 22  1 47 14 32  2 71 13 93  5 92 19 13  6  9 
10 51 13 48  6 60 14 99  2 53 17 35 15 19  5 78 18 65  8 72  9 72  3 60  4 92 16 15 11 61  7 29  1 99 19 74 12 53  0 11 
14 41 10 54 17 17 12 91  5 48  4 80  7 95 11 84 13 13  8 91  0 44  2 81 16 74 15 44 18 32  9  9 19  4  3 13  6 60  1 83 
17 13  6  4 12 23  0 84 16 41  5 73  9 77  4 23  7 16 13 56 11 19 15 63 18 72  8 35  1 62  2 45  3 50 10 89 19 38 14 76 
 9 17  0 98  6 22 14 86  2 32  3 92 12  2  7 27  5 52 16 41 19 11  1 46 10 97  8 45 18 92 11 55 13 58 17 95  4 58 15 20 
19 52 15 90 12 37 17 63 18 25 14  2 13 50  4 53  1 67  0 21  6 86  2 90  9 31  8 59 11 45  7  5 16 75  3 93  5 28 10  8 
11 17 13 90 10 80  9 90  2 72  8 31  5  6  4 85  6 30 18 60 17 69 14 91  7 27 12 29 16 21 19 36  3 13 15 74  0 60  1 11 
 8 74  0 80 12 93 10 91  9 60 13  8  1 96  3 61  4 73 17 27 19 62 18 78 15 45 11 77  6 62  5 83 14 25  7 71  2 11 16 58 
19 98  8 32  5 97 18 26  2 16 14 65  3 16 15 97 12  5  4  4 16 95  0 10 11 88 13 35  7 77  1 36  9 44  6 76 10 75 17 14 
11  4 16 47  7 71 14 32 15 20 19 54  1 87 13 59  2  5 17 10  9 43  3 13  6 24  4  8 10 27  0 33  5 56  8 13 18 33 12 35 
11 17  3 19 14 71  0 91 17 23  4 25 15 45 13 69  2 86  8 91 18 95  1 36 12  9 19 25  5 48 10 99 16 87  9 52  6 19  7 67 
13 72  4 18 18 91 11 69 15 13  0 43 16 80  3 63 19 41 17 82  1 20  8 31 14 83  5 55 12 89  6  5  9 68  2 38 10 81  7 41 
 7 53 13 63  4 35 19 69  0 31  8 39 15 21  5 97  1 31 18 11 16 76  3 29 11 88  9 68 12 96 10 79 17 37 14  9  2 80  6 88 
 8 99 11  8  7 84 18 70  4 45  0 91  6 10  9 97  5 94 13 73 17 33 10 20 15 78 12 43 16 34  2 92 14 39 19 36  3 49  1 73 
15 19  3 16  8 69 11 96 17 43 16  8  9 70 14  9  6 18 10 41  1 89  4 40 18 88 12 89 13 67  0 58  7 39 19 44  2 33  5 17 
 5 35  7 76 11 19 18 57 10 82  1 99 16 11 13 39  4 31  9 25  6 65 14  2  8 77 19 70  0 68 12 25  2 74  3 46 15 31 17 31 
11 45  9 61  6 54  8 72 18 35  7 68  1 89  4 19 17 69 10 10  3 74 15 56 12 64 19 11 16 12  2 42 13 92  5 82 14 60  0 19 
10 23  3 73  4 26 15  4 16 25  1  6  2 33 14 29  7 11 11 82 19 29 13 53  0 83 12 61  6 26 17 79 18 97  8 93  5 32  9 61 
17 69  5 86 11 43  2 11 13 25  0 76  7 57 12 34  6 64  9 33  4 68  8 90 14 63 16 38  1 44 18 52 19  9 15 53 10  7  3 77 
 4 54  5 62  0 42 18 63  9 87 16 98 19 94  3 70  1 26  2 14 17  4  6 85  8 44 13 71 10 21 11 37 12 30 14 46  7  2 15 76 
10 13 13  7  5 19  0  4  7 39 16 57  4 52 19 98  9 27  2 54 11 77 17 82 14 66 15 96 18 43  3 78  8  3  1 12  6 61 12 67 
 0 51  4 49  6 76  3 30 15 21  5 98  2 22 10 64 11 45 14 14 13  1 17 79 16 69  8 14  9 71 18 77 19 74  1 65  7 57 12 63 
15 16 12  9 19 30 13 62 11 23 18 47  4 31 16 22  5 55 17 99  2 50  8 42  7 18 14 49  0 72  9 56 10 54  6 95  1 69  3 93 
 6 34  5 90 15 86  2 45  9  5  4 99  1 79 19 95 17 95 10 82  0 95 11 43 12 34 14 95  7 52  8 46 16 66  3 13 18 43 13 47 
18 72  7  3  4 75 17 32 16 51  9 57  8 62  3 51 12  2 14 98  6 63 19 60  2 93 15 56 10 53  0 90  1 93  5 47 13 78 11 31 
10 13  9 87  5 26  1 73 14 37 19 65  0 34 18 77  3 46  7 33 16 78  6 51  4  5  2 73 12 41 13 71 15 74  8 44 11 48 17 52 
17 20 15 40 16 28  4 58 13 32  1 73  9 76 10 84 11 31 19 38  0 92  5 13 14 42  8 76 12 54  7  4  2 76  3  7 18 40  6 28 
19 37 11 79 13 70  6 49  4 40 18 25  1 51 12 66 17 27  9 94  3 37 14 35  0 28  8 85 10 84  7 37  5 47 16 53 15 82  2 86 
 7 88  8 97  1 99 15 81 14 48  5  3  3 67 11 62  2 41 19 53  4 68  6 70 18 48 12 98 16 36 17 29  9 38 10  1 13 13  0 83 
 5 26  7 82  4 58 16 13  2 92 19 35 18 55 10 88  0 32  1 75 11 85  8 98 17 11 13 39 14 74 12 61  9 57  3 59  6 63 15 53 
 9 70  5 28 18 97 16 81  7 54 15 60  8 71  0 15  3 87  6 25 12 94  1 39 10 20 14 74 13 49 19 82 17 47  4 62 11  5  2 24 
15  6  8  8  9 52 17 41  1 33 14 52  3 28 12 61  5 86 16 88  6 66 11 13 10 64  4 94 13 10 18  9  7 79  2 56  0 12 19 74 
12 70  0 99 10 99 11 25  2  7  9 43  7 88  5 75 16 74 13 44  6 44 15 80  3 41  8 74 14 57 19 84 18 19  1 27 17 25  4 78 
14 64 15 88  8 45 16 54  5 46 11 53 12  7  0 96  9 37  3 92 18 11 17 38 13 69  6 93  4 90 19 28  1 49 10 78  7 96  2 45 
 7 43 18 86  0 15 14  1 12 51 17  7  8 95 10 80 16 97  4  3 19 74 13 97  2 70 15 89  6 64  3 97  1 40  9 32 11 52  5 64 
