100 20
10 63 17 84 18  3  2 53  0  1 19 35 15 20  5 43  4 43  9 85 14 23  1 21 13 10  3 77  7 83 16 27  8 35 11 18 12 44  6 39 
 6 97 10 48  0 63  3 76 17 18  9  9 19 75  5 36  4 72 12 79 14 99 18 94  7 46  8 16 15 33 11 42 13 65  2 98 16 30  1 50 
 5 64  1 48 15 93  4 47 13 81 11 31  9 54  6 89 19 22  8 63  0 58 12 25 10 64 17 82 16 61  2 64 18 38  3 17 14 27  7 70 
10 32 19 72 14 42  0 83  2  2 12 33 13 29  4 90 11 35  5 91  8 26 15 85  7 72 16 19  1 95  6  5  9 39  3 75 18 83 17 70 
12 90 14 76 16 27  1 88 11 59  4 95  7 51 13 22 15 79  8 30 18 10 17 91  9 74 10  4  2 36  6 98 19 54  5 33  0  2  3 22 
13 71 14 99 10 22 11 64  1 30  2 11 15 94  4 14  3 83  6 47 17 48 19 45 18 39 12  7 16 32  0  2  8 93  5 40  9 14  7 48 
 1 80 10 46 16  4  7 45  3 64  2 19 12 85 17 39  5 78  6 62 18 69  9 65 15 82  0 75 11 40 13 15  8 68  4 11 14 44 19  3 
 9 95 13 89 10 98 14 75  4 27 12 74  2 20 18 57  0 53 11 94  7 17  3 78 19 21  1 99 17 31  8 99 16 86  5 20  6 80 15 86 
 2 21  3 52  6 56 15 22 13 19  5 84 11 96 18 57  4 31  7 39  0 13 10  6  9 58 17 32 12 41  1 47 14 13 19 30  8 44 16 80 
 0 71  5 31 15 17  3 53 18 85  7 48 14 52  9 34 16 39 19 84  2  2  6 31 11 57 12 63 13  1  4 57  1 30  8 61 10 72 17 17 
14 14 18 98 13 44  2 10  8 53 10 72 19 65 15 49  9 21  3 84  1 94 17 99  5 61  4 64 16 29 12 98  6 55 11 71  7 43  0 64 
11 14 16 74 15 57  4 81  9 40 10  7  7 85  5 32  2 35  8 34 13 41 14 79 12 80  6  1 19 95  1 25  0 43 18 19  3 98 17 48 
 8 42 19 71  5  9 12 26 10  3 15  3  3 31  4  3 13 40  9 21 17 69  1 89 16 94  2 94 14 59  0  9  6 71 11 53 18 45  7 75 
 5 72 10 86 14 22  7 71  3 22 13  8 16 73 11 15 15 90  6 40 17  1 12  4  4 81  8 10  1 83  0 32  9 89 18  4 19 53  2 38 
 2 52  3 45 15 43 14  9 19 90  7 40 11 26  4 52 16 22 10  9 17 34  9 94 12 69  1 28  5 29  8 62  0 63  6 99 18 97 13 14 
18 81 12 50  9  9 17 27 14 91  2 53  3 93 16 64 15 23  7 42 13 77  4 50  0 84  8 13 11 90 19 84  1 81  6 60  5 92 10 72 
16 87 12  4  4 56 18 40  3 55 17 29  7 31  2 29 13 39  5 38  9 94 19 40 14 88 10  1  0  3  8 46 11 36  1 44  6 92 15 34 
 6 62  7 95  8 69 15 29  2 45  3 77 11 34 18 59  0 90  4 83  9 83 17 72 19 98 13 53 12 84 10 94 16 71  1 49 14 17  5 28 
 8 66  6 24 17 74 12 73 15 77  5 75  0 66  3 14 16 21  7  8  9  1 13 39 10 76  4 14 14 70 11 20  1 20 18 66 19 23  2 74 
 9 54  5 35  0 58  6 72  3 98 11 62 13 68 15 87  1 21  7 67 14  9  2 12 17 45  8 36 16 43 18  3 12 28 19 24  4 70 10 45 
15 78  7 28  6 60  9 69 18 87  3 34  0 70 19  2 16 83 10 94 12 22 11 62  4 37  2 48  8 20 14  5 17 13  1 75 13 40  5 27 
 9 92 11 78 10 84  3 97 13 77 17 84  2 58  0 85 12 40  8 56  1 55  6 63  4 43  7 36 19 52 15 43 16  2 14  9 18 74  5 80 
 9 53 18 85 14 79 19 79  0 26  8  4 11 19 10 11 12 11  3 71  7  6 16 67 17 26  5  3 15 10  1 74  6 60  4 77  2 34 13 40 
 0 23 11 34  2  1  1 83 12 95  5 19 14 44  4 40 16 22 10 58 17 72  9 18  3 23  8 16 13 91  7 37 15 25  6  4 19 92 18 90 
 9 93  7 28  0 48  2 30  1 90 11 23  3 73 14 21 19 29 12 23 13 44  4 94 17 28 18 81 10 53  6 87  5 68 15  1  8 39 16 46 
16 90 15 58 18  7  9 86  8 88  4 64 13  9  6 78 12 74 10 42 11 93  3 15  5 32  0 77  1 42 17 27 19  9  2  3 14 69  7 16 
19 44 10 60  5 21  3 87  2 65  0  8 13 65 18 42  8 31  4 43  6 50  7 54 15 41  9 79 17 80 14 89 16 18  1 45 11 57 12 17 
 3 53 19 89 16 59  8 68  4 58 17 58 11 74  2 46 10 54 13 76  7 66 15  3  1 79  6 75  0 13 18 85  5 52 14 27  9 61 12  2 
 4 74  7 28 16 29 11 82  9  3  6 31 14 73  3 47 18 16 10 54 19 63  0 27 13 11  1 79  2 41  8 65 15 76 12 61  5 43 17 28 
10  3 15 18 14 48  4 20  8 65 18 42  3 55 13 40 17 17  5 12 12  9  7 32  6 70  2 26  9 44 11 33 19 82 16  6  1 37  0  3 
15 78  7 33  4 61 14 81  1 18 17 75  0 16  9 31 18 24  2  1 10 36 16 88  8 57 19 37 11  7  5 76 12 40  6 79 13 67  3 19 
17 20 13 36  8 67  9 64 10 51  5 56 19 29  0 15 14 49  6 72  2 87 12 77 11  5 18 78 16 32  3 18 15 83  7 53  1 84  4 15 
 9 55  8 94  7 78 15 85  1 21  2  5 18 17  5 96  4 19  3 72 19  2  0 62  6 18 17 23 14 64 13 63 11 90 10 52 12  9 16 16 
10 82 19 20  1 50  6 21  4 57 13  9 12 49  0  5 11 14 14 71  5 47  9 35  2  8  7 92  3 73  8 67 18 66 15 93 17 48 16 65 
 8 82 19 40  4 14 18 51 12 86 11  8 14 25  2 76 10 41  0 10 16 60  9 96  1 68  6  8  5 79 17 18  7 75 13 35 15 31  3 14 
19 45  4  2 11 94  0  4 16 27 12 72 18 76  3 62 15  9  1 14 14  7  2 69  6 48  9 79 10 52  5  4  7 55 17 75 13 62  8 93 
19 13 13 63  4 75  0 67  9 26 10 59  3 81  8 55 14 66 18 28  1 49  2 16 15 69 17  3 12 13  6 72  5 76 16 96  7 63 11 38 
 5 36  1 83 12  3  3 10  0 47 14 65  7 26  9 62 18 45  2 55 19 73  4 30  6 86 13 53 17 60 15 41  8 54 16 33 11 40 10 20 
10 61 12 28  0 53 17 79 16 62  5 87  9 44 14 21 19 22  8 67  6  8 13 52  4 43  1  8 15 84  2 26  7 86  3 62 11 11 18 74 
 8 14  2  1 18 30  9 74  6  2  4 87 11 31  0 84  5 42 10 11 17 90 16 42  3 34 19 14  7 13 14 75 13 50 12 61  1 10 15 76 
 5 22 12 58 19 38  7 14  9 96 14 76 15 27 10 16  0 69 16 49 13 35 18 93  3 48  8 43 17 62  4 34  6 44  1 51 11 86  2 50 
 4 37 18 48  7 87 12 78 17  6 13 77 19 98  0 66  9 33  8 73  3 67  5 29  2 77 10 95  6 40 14 23 15 69 11  1  1 27 16  8 
19 64 13 87  6 50  7 60  9 50 18 12 15 33  5 45 16 16 11 55  0 88 17 88  1 25 12 33  3 15  8  2  2 44  4 75 10 61 14 67 
 0 20 19 95 14 27  2 69 13 11 12 23  3 34 15  8 17 64  7 63  4 73 11 58  9 33 10 26  1 84  8  4  6 82 18 35 16 30  5 51 
 2 42  7 63 10 68  0 93 12 46 16 60  1 40 13  3  9 73  8 87 19 52 15 70 14 35 17 92  4 19  3 40  6 48 18 41 11 70  5 13 
 7 53 15 55 11 32  6 60 18 40 13 16  2  5 12 53 10 68 19 43 17 67  5 60 16 38 14 23  4  2  3 67  9 42  1 25  8 80  0  1 
11 84  7 99 19 77  5 51  1 23 15 77 13 73 17  1  2 65  0 36  9 88  8 11  6 80 12 85  3 51 10 26 16  5  4 83 18 20 14 60 
12 21 13 12  2 94  3  8 15 14  7 34 11  4  8 58  0 60 19 51  5 45 18 95  1 21  6 92 16 90 17 77  4 13 14 51  9 94 10 33 
15 75  0 85  2 81 19 81 13 92  9 96 14 86 11 91  4 97 10 12  7 15 16 11  8 84 17 27  5 33  3  1 18 87 12 55  1 32  6  8 
 4 20 10 71  9 64  0 85  5 49 11  6 14 52  3 85 13 15  8 47 17  5  1 23 18 40 15 46 12 48  7 87  6 92  2 54 19 83 16  2 
 3 74  6 32  5 15  0 93 15 14  2 41 13 97  1 83 11 29  4 93 19 30  9 98 18 15 17 48 16 31  8 40 10 36  7 53 12 26 14 99 
 7 59 14 66 16 28 19 26 11 65 12 95 15 54  6 23  8 25 18  3  5 84  0 72  4 56 13 94 17 92  9 15 10 41  2 27  1 46  3 52 
 7 99 15  7  8 33 18 90 13 82 17 16 14 81 10 80 19 75  9 92  1 93  5 49  2 14  0 16  4 49 12 88  6 51 11 50 16 11  3 34 
 7 43 13 35  4 91  3 90  0 34 10 70 12 22  1 26 16 55 19 34  6 55 14 34  2 68 15 99  8 24 17 40  5 25 18 60 11 13  9 82 
18 68  2 48 14 64 11 76  6 15  9 23  5 62 12 26  1 39 10 52 13  6  0 47  4 39 17 81  3 47  8 98  7 25 16 58 19 67 15 46 
10 17  4 35  9 85  1 15 19 85 17 46 18  5  7 73 12 63  6 97 15 21  3 34  2 59 13  2 16 64  5 88  0 22 11 17 14 47  8 77 
 9 81  2 60  5 17 15 25 12 46 17 80 18 15  1 31  8 60 10 28 11 41  0 35  4 20 14 81 19 40  3 51  6 14 13 36 16 30  7 75 
 3 21 15 93  9 89 19 15 11  8 17 92 10 19  6 19  8 45 16 46  4 97 13  6  2 42 12 60 14 10  1 37  5 97  0  2  7 51 18 56 
19 60 15 82 18 95  5 92 17  2 14 78 16 86  1 66  9 92  0 93  6 39 12 58  3 57 10  6 13 18 11 98  7 52  4 83  8 36  2 60 
11 55  5 94 12 93  7 65  4 33  1 22 17 38 18 45  8 18 15  7 10 49  2 81  9 16  3  2 14 67  6  8  0 34 19 49 16 69 13 35 
15 28 17  2 18 78  1 54  3 14  6 47 19 71 14 72 16 51 13 83  9 24 11 13  0 11  5 21  4 71  2 78 12 68 10 84  7 47  8  7 
 5 17 17 85  2 94 13 95  4 11 19 58 18 75  1 70 12 64 16 16 10 73 11 22  8 17  6 45  7 74  3 83  0 72 14 13  9 47 15 79 
12 42  7 37 16 72  9 16  6 53  8  5 18 62 14 88  5 35 17 85  4 58 13 58 19  7 11 81 10 88  0 74  2 75  1 67 15 71  3 58 
19 39  2  5  7 92  3 68  8 34 16 92  9 17 18 33  1  9 10 55 11 49  5 49 12 12  0 24  6 92 14 70 13 41 17 37  4 15 15 22 
 5 75  7 34  3 69 12 48 14  7  8 16  1 27 19 71 17 11 11 48  9  3 18 39  2 98  0  2 10 39 16  2  4 11  6 68 13 75 15 49 
12 88  3 16  0 66  9 34 15  2  6  5  8 73 16 25 17 98 19 57  7 46 14 91 10 82 18 51 11  1 13 41  5 57  2 67  1 28  4 67 
16 37  8 46 18  1  3 87 13 55  9 25 10 43  6 10  4 27 11  6  5 91 12  2 17 50 14 94  7  1 19 47  0 79  2 24 15 64  1 11 
13 32  0 24  3 84 14 13  6 11  5 98  8 74 11 84  4 82  9 99 12  4  7 98 18 65 16  7 17 88  1 25 10 68 19 93  2 73 15 32 
14 42 13 76 18 43  1 24 11 92  8 40  2 36  6 52 15 59 12 63  5 15 19 54 17 70  3 86 16 48  4 62  9 20 10 49  7 15  0 15 
19 42 15 31  5 80 10 43 12 80 13 23  0 89  3 59  6 19 11 54 16 15  9 18 17 89  8 47  1 38 14 21  2 87  7 66  4 76 18 62 
15 54 11 53 12 19 19 55  1 83  7 72 13 13  6 83 17 54 18 28 10 22 14 89  0 13  9 73 16 24  5 12  8 82  2 15  3 78  4 94 
 4 18 16  3  9 84  6 89 13 89  0 73  7  5 18 57 10 38 17  9  8 77 15 17 19 14  3 32  2 28 14 15  5 33 12 48 11 49  1 40 
 3 48 12 33  4 79  0 42 10 25  2  9  7 25  1  1 17 50 15 55  6 97 11 96 19 18  8 25  5 24  9 77 13 24 16 52 14 37 18 88 
 8 57  0 50 16 64  2 89 19 10  4 80  5 63  6  6 15 32  9 34  7 34  1 68 12  5 13 76 17 77 11 86  3 67 14 76 10 81 18 51 
10 75 17 91 18 97  7 14  3 62 14 40  5 43  2 16  0 93  1 55  6  4  4 25 19 29  9 45  8 83 16 46 15 31 12 13 11 57 13 68 
 5 64  3 75  2 35  9 71  1 38  8 54 11 36 13 71  0 66 14 72 10 58 12 20 16 67  7 69  4 46  6 68 18 93 17 39 15 48 19 77 
13 59  0 34 14  6  6 76 11 13 12 59  5 95  7 78 18 66 10 92  9 89 19 77 17 66  4 16 16  7  3 75  1 97  2  7 15 81  8 13 
 8 10  2 38  6 29  7 38 19 27 11  8  9 59 13 60 10 36  4 86 14 39 18 19  3 84  5 50 15 65 12 58  1 62  0 71 17 22 16  6 
 5  6 18 32 14 38  3 53  0 59 15 33 11  5  9 37  6 85  2 33  1 47  4 70  8  6 12 32 17 86 13 26 10 36 19 64  7 78 16 16 
 6 60 18  4 15 44 16 14  9 45 13 83  1  7 14 75  3 86 17 88 19 25  0 85 12 99  5 80  8 50  2 91  4 14 11 87 10 73  7 72 
 0 92 17 25  6 93 12 30 11  9 16 86 18 79  5 71  9  5  8 47 13 61  2 78  3 76  7 71 15 98  4 34 14 23 10 82  1 53 19 21 
16 91  9 81  2 70 14 36  1 96 15 23 17 55  7 93  3 86  5 15  4 19 11 18  6 66 18 44  8 58 19 62 10 54 13 79 12 11  0 49 
 4 62 10 77  0  9 14  4  2 80 11 25  1 16  3 95 12 30  9 57 18 40  6 81 15  3 13 28  7 45  8 59 19 94  5 31 17 91 16 55 
17 85 14 23 10 78  4 68  9 59  2  9  3 71 15 92 11 50  0 38 16 35  1 31  5 91  7 57 13 70  8 60  6 73 18 39 19 76 12 60 
17 61 11 77  0 22  7 43 13 66 10 47  4 53 16 97 15 91  9 64  1 93  3 46  5 20  6 90 12 58 19 36 18 98  2 70  8 49 14 92 
 3 35 11 56 10 45 19 15  7 79 15 66  6 55  9  1 17 89 13 29 16 98  8 31  2 45 14 51  4 83 18  7  1 76 12  5  5 78  0 77 
15  8 12 58 18 24  7 62 13 77 11 38  2  9 14  6  5 88 16 23  3  9 17 12  9  9  1 65  6 68  4 57  0 38 19 15 10 98  8 55 
13 96 17 28 14 52 18 91  5  9  8 15 16 44 11 69  3 99  7 15 15 65  2  9  9 27  1 56 12 70  4 39  0 21 10 59 19  2  6 15 
 7 98  4 84  3 44  1 10 18 84 12 78  2 19 13 80  9 28 14 19  8 58  5 76  6 49 16 88 11 42 19 78  0 78 15 91 17 83 10 29 
 2 18 19 40 11 21  6  8 17 31 15 56  0 56 13 78  7 45  8 31 10 79  3 47 12 73 16 66  4 27  9 98  5 73 14 79  1 74 18  8 
 8 95  3  2 17 41 16 46  1 19 14 35  2 41  0 82  4 77  9  3  7 52 18 15 13 12 12  3 10 30  5 93  6 96 15 68 19 73 11 67 
17 92 13 60  7 45 12 65 18  5  8 81 14 21  6  2  3 71  2 57 16 18  9  2 11 60  5 41 10 43  0 36 19 75 15 55  1 79  4 38 
15 35 12  6  5  5 19  4 11 39  8 43  6 76  0 83 16 38  9 47 14  3  2 68 10 58  1 49  3 99  4 20 17  9 18 39  7 11 13  9 
11 38  2 56  6 65  5 54 19 95  3  6 18  8  8 53  0  9  7 44 10 39 12 18 15 77 14  6  1 43 16 26  4 54 17 64 13 43  9 71 
 1 75  4 31 16 51 14 95 13 50  7 98  9 80  2 38  8 99  5 78  3 83  6 38 15  4 10 68 11 44  0 95 12 77 17 16 18 89 19 52 
 5 10  0 41  3 52  9 97  2 55 17 50 19 48  6 87 14 97 18  1 10 27 15 69  4  4 13 75  8 59  1 50  7 22 11 73 12 73 16 57 
12  8  6 62  3 24  8 29 16 87 13 72  0 34  1 23 18 35  9  1 11  4 15 42  5 90  2 23  4 25 17 62 10 46 19 14 14 79  7  1 
 9 13  4 96 10 43  8 92 14 11  0 94 12  5 17 34 18 38 19 68 11 70  7 65 13 62  1  9 16 35  2 94  5 12  6 30 15 91  3 63 
 2 33  7 14 15 79  5 24  9 11  6  5  8 22  4 61 12 27  0 88  3  4 16 78 11 62 14 72 19 56 13 18 18 62  1 47 10 27 17 94 
 1 34  3  6 12 61 15 60  8 48  6  2 13 64  7 27  5 16 14 71 18 71  4 47  9 52 19 73 11 42 10 99  2  5 17 72 16 43  0 27 
