100 20
16 83 18 46  5 63 13 19 12 28  9 87 10 91  0 61 17 14  4 84  2  9 11 91  8 24  6 28  7 60 15 26  3 11 14  6 19  4  1 96 
 6 70  9 72 17 45 10 50  1  1  7 46 11 67 13 43  0 75  5 44 14 62  4 91  8 99  3 96 12 34 18 60 19 96  2 19 15 10 16 52 
 3 94 13 42  8 82 18 39  9 33  2 48 15 42 16 32  4 69  1 93 14 65 10 74 12 47  6  3 17 31 19 55  0 81  7 91  5 71 11 66 
10 49  4 20 13 37 18 95 19 24 12  6  9 65 17 34  3 63  7 50  8 12  6 64 14 56  2 31 11 37  1 93 15 89 16 32  0 96  5 47 
 3 35 19 15  9 66  4 89 18 72 15 47  2 58 10 34 16 61 17 50  0 17  6 31  1 80  5 84 11 13  7 43  8 96 12 73 14 37 13 97 
 1 56  7 64 13 15 16 78 17 35  5 71  8 85  4 63 12 36 19 91  6 48  3 26 18 14  0 55 11  5 14 62  2 57 10 94 15 53  9  6 
10 97  6 18 14 12 19 65 16 77  4 69 12 27 17 78  3 34  8 59  1  2 15 22 13 77 18 51  9  6  2 25  7  6  5 49 11  7  0 97 
 1 83 14 27 13 34 12 98 19 41  7 43 15 22 16  4 17 45  0 19 10 44 11 62  6 79  2 12  8 31  4 60 18 34  3 93  9 95  5  1 
 9 39  5 74 11 94 16 68  3 77 18 10  8 29  7 60 17 13  4 38 10 44  2 64 19 61  6 95  1 73  0 37 13 37 12  2 15 13 14 32 
10 12  5 60  6 43 12 12  1 40  4 78  7 66 11 25 13 76 19 28  2 68  3 59 17 10 15 77 14 87  8 93  9 45 18 44 16 95  0 23 
18 55  4 61 16 62  2 49 19 62  8 94 12  2  0 93  3 35 10 82  1 63  9 25 13 84 17 61 15 60  6 95 11 42  7 19  5  1 14 99 
15 13 11 55  8 31 17 34 12 70  2 95  0 86  5 33  3 64 19 10 16 97 14 11  9 79 10 53  6 87  1  5  7 97  4 78 13 82 18 58 
19 68  8 25 13  8 12 48  1 86  5 26 14 66 15 96 16 27  3 77  0 20  4  5 10 10  2 64 18 66 11 57 17 74  9 96  6 11  7 83 
 4 33  6 44  9 21 15 31  1 12 12 19  0 85 14 16 10 79 18 98 17 20 13 18  2 21  8 77 16 18  3 45 11 58  7 49  5 94 19 88 
18 71 19 36 13 83  8 48 14 23 17 84  0 18  9 95 10 26 16 94  2 60  5 28  4 81 15 71  7 75  3 63 11 40 12 65  1 34  6 97 
 5 13 16 50  1 15 18 85  0 23 13 57  6 93 12 84  4 74 15 55  9 94 14 13  3 99 17 10  8 59 10 60 19 95 11 76  7 69  2 14 
14 44 17 64 19 29  5 69 10 96  1 23  4 27  2  4 11 13  6  8  7 59  8 29 15  3 12 79  0 14 13 45  3 59  9 85 16  2 18 75 
 1 40  5 33  6 11 17 61 12 16  8 85 19 95 14 83  9 82  4 94 11 37 13 50 15 61 16 82 10 36  7  6 18 14  3  2  0 99  2 78 
 6 73  9 48  4  8 16 34  3 80 15 67 11 47  5 13 10 99  7 10  2 31  0 65 17 65  8 26 18  3 13 47  1 68 19 11 12 12 14 43 
10 64 12 45  3 18  6 24 14  9  2 39 17 98 11 51  5 28  9 18  8 34  7  2 15 18  4 24 18 82  0 36 19 48  1 51 16  2 13 86 
 9 68 11 72 15 54  2 29 17 85 10 11  4 36 14 35 18  8  6 47  8 70  3 56 16 32  7 97 13 27  1 32 19 77  0 50 12 15  5 64 
 3 57 17  4 19 87  8 45 12 72 11 84  1 64  6 13 14 33  7 93  0 20 18 31  2 69 15 96 10 59  4 87 16 82  9 91 13 91  5 15 
 8 40 15 98 18 95 10 96 13 28  7 91  3 65 16 31  0 12 14 25  1 11  2 11  4 69 17 77 11 52  5 17 12 44  9 42 19 76  6 89 
11 86  0 26  6 77  1 59  7 54  9 17 10  9 14 37 12 29 15 37 13 42  8 26 19 84  5 98  2 53  4 50 18 75 17 37  3 93 16 60 
10 49  2 67 13 35 11 64  9 10  4 17  3  1  5  6 18 82 19 75  6 32  1 41 15 26  8 93 17 74  0 90 12 33 16 35 14 99  7 50 
18 35  1 71  9 57  3 46 12 11  6 44 10 86 13 53 17  4  5  1  0 22  4  2 11 40  2 82 15 60 16 91  7  3 19 45  8 79 14 72 
12 55 16 56  2 96  8 29  9 28 19  8  6 29  0 26  3 78  7 27 14 29 10 82  1 31 15 58  5  1 11 83 17 55 18 81 13 28  4 99 
 1 71  4 42  8 23 15 55  2 59 14 97  6 86 18 20 13 86 12 32 10 57 16 63  0 18  9 95  7 39  3 90 17  3 19 37  5 87 11 85 
12 60 16 44 17 77  1 22  4 75 11  4  0  6 15 68  9  6  3 19  8 82  5 95 13 36 10 48  2  7 19 88  6 54 18  2 14 75  7 13 
 6  7 10 77  2 77 18 13  5 97  3 22 13 21 11 88  4 90  7 95 17 11 12 30 19 61  8 11  9 39  0 48  1 88 16 58 14 23 15 89 
17 56  8 65 16  5  4 89 14 99 11 60 13 73  7 56 12 68  3 63 10 48  1 70  9 51 15  7  2  8  5  7  6 43  0 18 19 18 18 81 
 3 52  5 15  4 75  1 66 15 92 16 66 17 16 12 96  7 72 14 35 11 26 13 21 18 69 10 86 19 15  6 60  0  6  9 61  8  2  2  8 
11 92  3 84 17 16 16 27 10 77  1 82 14 67 18 74  0 81  4 92 13 75  5 92 12 50  8 83  7 43  6 42  2 49 15 51  9 36 19 89 
11 42  3 97  8  2  9 70  2 59 15 57  0 30 12 23  7 49 14 20 13 68  4 10 10 61 17 84  6 15 16 58 18 28  1 61  5 67 19 10 
 6 29 15 57 14 26 19 79 13 71  1 15 17 46  3 74 16  6 12 97  2 51 10  3  8 63 18 79  0 85  4 86  9 43  7 22 11  1  5 39 
 1 82 14 35 16 20  8 49  2 97  3 15  6 34 18 92 12 23  5 60 10 13  7 52 19 38  4 34 13 68  0 97 17  1 11 18 15 73  9 72 
11  4  6 86 15  2  4 24  3 42  2 70 16 55 19 45 12 49  5 96 18 78 14 73  7  1  1 48  8 17 13 53 10 15 17 48  0 86  9  4 
16 87 14 40  9 55 12  7  6 33  2 44  5 78  1 21 11 48  8 92  3 60 15 69 13 32 18 75 19 89 10 72  4 62 17  7  7 50  0 22 
 0 74  7 52  6 82 13 25 16 24  5 93 15 74 12 58 14 83  4  2  8 12  3 76  9 97 19  1  2 11 18 29  1 57 10 41 11 29 17 78 
 5 32  3 83  2 80  0 89 13 99  4 25 16  5  6 29  9 77 10 41  7  6 15 77  8 71 19 21 18 14 12 73 14 61 11 26 17 54  1 99 
14 19 13 40  3 68 10  4  4 99  5 72 19 18 15 45 16 33  9 41  7 38  0 75  1 61 12  8 18 73  8 80  2 73 17 64  6 33 11 14 
14 77 19 61  5 21 11 82  7 77  3 24  9 96  1 35  4 11  2 23 15 77  6 86 12  8 17  5  0 43 13 12 18 34  8 31 10 44 16 15 
11 51  7 63 19 19  4 14  3  5 13 50 17 18 16  4 14 84  2 50  1 41 12 39  8 98  5 67  6 31  0 59  9 69 15 91 10 67 18 34 
 4 92 15 57  8 73 19 80  1 57 13 77 18 83  2 97 17 47  0 95  5 84 11  9  6 56  3 51  7 32 14 11 16 67  9 46 12 50 10 69 
12 40  8  1 13 51 11 33  1 75 17 63 19 62 14 54  0 36  4 17  7 59  6 96 10 68  9 44  3 57 15 89  5 50 18  9 16 11  2 10 
18 45  1 99 19 92  2  8  5 77  8 15 17 80  4 13 11 50  9 30 14 66 12  9  7 77  0 72 16 26  6 96 13 85  3 58 15 43 10 42 
12 56 10 28  1 81  3 20 15 12 13 14  2 47  8 83  9 64 11 44 18 42 19 68  5 95  7 17  4 55 16 62 17 69  0 71  6 93 14 12 
 7 17  6 26 12 98 10 49  8 78 14 36  9 87  1 96 16 32  5 23  0 56 11 84  3 21  4 69 19 98 17  9 13 75 18 78 15 32  2 57 
 8 33  5 82 18 69 17 32  7 61 15 49  1 61 10 98 14 81 13 61  3 19  6 63 12 46 19 81 16 22  0 80  4 43 11 20  9 57  2 31 
 5 97 13 65  4 83 19 61  7 35 12 85 10 98  2 56  9 21 14 96 17 20  1 79 11 70 15 38  6 31 16 57 18 33  3 83  0 58  8 29 
 7 37 11 23 13 32 19 94  9 86  6 44  2  6  4 61 14 22 12 15 18 42 17 67  3 36  0 83 16 52 10 49 15  5  8 85  5 63  1 60 
 5 99  2 95  4 66 18 61  7  5 14  6 13 57 16  3  8 37 19 87 17 27 15 11 11 28  9 61 12 93  3 74  1  5 10 42  0 45  6 51 
 7 18 10 44 19  4 13 65  9 82 12 97 16 28  1 62  5 36 14 96  6 76 18 59 17 51  8 16  2 89  0 39  3 55 11 10 15 24  4 62 
 0 78  1  8  3  9 18  4 14 48 10 48  5 77  9 65  4 71  6  4 12 18 11 93 15 70  8 41  7 27 13 85 17 62 19 20 16 27  2 90 
 7 57  4  1 12 14 17 11 19 38 13 74  1  6  6 72  3 16 10 11  0 25  5  5 15 86  2 83  8  5 14 41 16 52 11 39  9 80 18 74 
 5 76 16 47 13 33  8 31 18 61  3 78 15 27 12 68 17 34 14 99  1 44  7 64  9 13 10 45  4 55  6 19 19 99 11 34  0 84  2 74 
17 38  7 79 14  6 12  8  3 12  9 72  5  4  8  4  0  8 10 55 11 23  1 77  6 52 16 55  4 54 15 30 13 84 19 79  2 66 18 21 
 5 59 14 31  7 83  9 57 10 67 12 17 15 70 19 23 18 14 13 54  8 10  1 24  0 79 17 67  6 77  4 90  2  7  3 94 16 34 11 69 
 1 36  9  7  8 27 11 16 13 16  5 10  3 60  7 78  6 80 14  7 17 37 18 76 10 31 16 36  0 26 12 63 15 78  2 78 19 92  4 46 
19 71 16 60 10 74 17 29 14 27 13 57  4 83  3  5  5 12  6 68  2 96  8 25 11 50 15 85  9 23  1  1  7 77  0 74 18 21 12 33 
16 24 14 21  6 94 17  4  9  3  4  4  3 56  5 23  2 70 15 42 11 68  7 98 18 48 12 48  1  9  8 98  0 64 13 69 10 56 19 84 
 7 99 15 52  3 52 12 72  9 95 17 10 13 94 10 51 11 77  1 13 14 82 16 61  6 68  0 39  2 60 19 43  5 94  8 28  4 36 18 77 
19  4 10 45  4 11  9 16 13 98  5 94 16 20 12 99  2 89  1 63 17 35  7 72  3 88 15 22 18 72 11 71 14 69  8 50  0 77  6 40 
 1 67 10 90  3 46 17 10 11 19  0 24  5 36  6 38 15 73  9 74 16 33  2 17 14  9 18 15  4 95  7 33 12 46  8 85 19 34 13 51 
12  9 11  8 13 97  7 64  4 64 17 96 15 33  6 26  9 88 18 67 14 20  1 18 16 67 19 51  5 77  0 43  2 77  3 83  8  9 10 20 
19 43  0 21 16 51 10 35 13 11 18 30  4 89 14 48 17 70 11 62 15 56  7 94  2 12  8 25  9 83  1 21 12 91  6 80  5 43  3 75 
 9 13 10 35  8 43  6 80  3 53 19 11  7 97  1 29 18 83 17  6 13 73  0 10 14 55 11 32  2 49 16 50 12 22  4 86 15 20  5 81 
13 55  4 22  2 91 19 63  3 15  9  5  8 96 12 53 14 68 18  5 10 59  0 18  5 87 11 76 17 19 16 92  1 18  7 17  6 20 15 29 
 0  8 16  2  7 32  3 12 13 55 18 27 17  9 10 60 15 44 14 86 12 66  6 52  9 35  4 21 19 76  1 50  5 58  8 25  2 26 11 22 
19 18  0 94  5 83 16 51  6 91 18 74 13  9 11 29  2 93 15 75 12 62  4 46  3 68 10 77  1 34  7 65 14 73  9 73  8 40 17 44 
 6 53  1 17  3 56 19 38 12 63 16 65 10 38  4 65  7 48 15 59  8 40 18 33  5 15 13 86  9 66 17 38 11 95 14 80  2 47  0 10 
 4 40  9 68  8 53 14 69  5 22  0 97 10 49  1 71  2 82  6 78  7  3 19 17 18 20 12 52 17  8 15  5 11 99  3 64 13 85 16 61 
 4 94  1 12  6 38 10 68 13 48 12 33 19  8  0 42  3 81  5 54 14 67 15 63  8 45 11 44  7 11 18 48  2 25  9 26 17 56 16 48 
 6 59 10 38  5 83  0 43 18  8  9 29 19 56 16 54  8 34 15 41 11 51  3 89 14 83  1 13  2 61  4 13 13 33 12  5 17 36  7 10 
 9 94  0 42 13 54 16 41  8 78 15 80  4 53  1 98  6 10 14 86 19 19 18 72 17 24  2 96 12  6 10 14  3 27  5 19  7 19 11 88 
18 63 14 34  3 66  8 80  6 61  0 12 12 30  9 31 16 40 11 94 19 92 10 89  7 58  4 49 13 29 15 93 17  1  2 56  1 50  5 99 
15 97 18 72 14 27  4 38  6 72 13 90  8 91 17 51  9  9  1 14 16 67  7 65  0  4 12 13  3 84 10  1  5 20 11 73  2 12 19 62 
 1 82 10 84  0 45 12 46  9  5  6 25 13 31  8 60  2 12 11 32 19 21 14 50  4 77  3 36 15 86  7 34 18 11 17 12 16 60  5  1 
 0 41  4 22 15 20 10 76  1 45  5 60  8 97 16 82 19 33  2 59 14 48 11 58  9 95 18 45 13 21  3 85 12 82 17 50  7 18  6 21 
10 21  5 66 17 31  3 15  4 92  7 11 13 34 16 46  0 28 19 96 14 72  2 79  6 85  1 78 11 31  9 76 15 25 12  2 18 20  8 67 
 5 77  6 39 18 71 13 83 11 70  9 47 10 32 14 11  2 26  7  1  1 75  0 17 17 77  4 98  8  5 15 10 19 11 16 33 12 73  3 67 
18 16  9 39  6 29 12 27 10 70  3 52 13 11  1 26  7 62 14 19 17 99  0 38 11 95  4 13 19  3 16 44  8 30 15 46  2 72  5 89 
 0 65 10 97 17 23 12 38 14 57  3 73  1 33 16 11  7  9  4 96  9  4 11 78 18 38  6 54 13 63 19 98  2 86  5 58 15 49  8 96 
14 95 12 86  3 58 11 46 10 51 16 99  1 59  2  4  0 33  5  6 17 50  8 49  6 62 19 69  7 37 15 65  9 12  4 56 13 88 18 82 
 3 61 14 53 11 33 13  5  8 38 18 63  7 35  0 74 19 56  4 54 16 73  9 17 15 61 10 49  2  4 12 76 17 11  5 64  6 70  1 50 
 8 17  4 35 17 73 15 28  0 81 11 18 13 95  6 26 12 93  3 32  2  3  7 39  5 13  1 97  9 94 16 53 18 11 19 80 14 30 10 28 
 3  1 18 98 19 32  7 56 15 39  2 29 14 33 12 82 10 57  5 17  0 39 17 77 13 73  8 12  4 91  9 67 11 72 16 94  6 14  1 73 
 1 36  3 48 18 66  7 23 16 52  0 92  9 90 13  1 12  1  6 39  4 49 11 25  8  4 14 16  2 74 19 36  5 51 17 61 10 16 15 56 
 0 90 11 21 16 99 14 29  4 49  1 13  7 94  5 26  2 20 17 73 10 21 15 28 18 54  8  3  3 97 19 43 12 48  9 55  6 20 13 70 
16 64 18  6 11 72  3 74 17 25  5 43  4  8 19 20 15 80 13 89  7  6  0 44 14  2  1  6  8 54  6 51 12 41  2 98  9 90 10 94 
16 91  8 59 15 27  6 65 11 45 13 22  5 97  9 53 12 72 10 47  3 98  0 49 18 76  1 86 17 82 19 52 14 62  2 48  7 37  4 25 
19 97  0 28  3 87 14 56 11 96 10 14  9 78  4  5 16 29  8 14 12 73  7 52 13  2  2 34  6 19 18 16 17 21  5 79 15 71  1  6 
12 93 16 14  8 82  0 81  5 55  4 54 10 51 13 61  2 22 19 28 14  3 18 35 11 22 15 46  6 80  3 66  1 92 17  2  9 17  7 61 
 4 53  1  2 16 51 13 65 10 75 14 14 12 13  7 51  8 18 11 79 15 25 17 52  9 49  3 43  0 49  6 83 19 36  5 54  2 43 18 72 
 3  1  0 32 17 66  6 52  5 90 12  8 13 33 18 72 19 80 14 40  4 38  9 98  2 71  7 98 16 14 11 35  1 23 10 22 15 23  8 93 
 2 49 19 16  9 85 14  9  3 61  1 21  0 86 16 14  6 81  7 59 15 34 17 59 11 19 13 85 18 29 12 67  4 46  5 90  8 42 10 23 
16 25 18 84  7  4 17 53  1 91 10  1  8 26 12 19  2 98 11 97  0  5 14 24  9 76  4 28  5 18  6 81 15 70 13 84  3 11 19 66 
13  5 15  6  9 81 12 49  7 30  0 77 16 44 19  2  2 73  1 78  8 15 10 38 11 39  6 88 18 72  4 69 14 30  3  6 17 46  5  7 
 9 41  5 14 14 85  7  1  3 69  4  9 19 43 16 88 17 44 12 85  6 80  1 50 11  3 13 31  8 74 10 88 15 85  2  3  0 72 18 85 
11 78  4 50  8 76 12 48  3 38  2 84 10 21 13 57 16 72 18  8 17 55  0 56  1 23  9  4  5 57 15 56 19 58  6 27 14 66  7 11 
