40	20
178	91	155	25	11	173	93	162	101	152	34	160	183	27	200	46	67	8	72	90
38	158	193	12	4	189	121	185	73	105	157	190	13	65	97	20	69	56	192	121
23	178	9	111	158	104	76	99	59	14	139	114	116	6	62	30	33	149	122	147
86	21	138	58	129	165	161	165	127	96	17	159	51	34	80	10	64	113	123	149
115	63	148	57	152	82	49	40	22	90	182	121	199	105	173	183	84	86	91	18
90	185	107	57	190	119	110	17	198	75	185	52	88	144	159	63	103	43	53	25
133	177	125	25	193	85	4	33	54	103	111	71	156	88	114	54	145	144	124	180
130	156	198	79	88	162	104	189	198	94	136	107	84	115	1	89	49	89	90	72
189	1	171	70	57	157	156	141	128	53	96	117	168	151	190	197	181	28	137	38
165	24	32	85	111	50	84	75	194	136	122	24	121	193	124	29	28	131	194	81
188	27	140	144	84	128	83	167	151	90	179	172	84	123	37	153	200	78	126	9
19	82	123	144	74	165	95	75	115	146	84	33	44	51	187	138	57	19	25	195
158	75	32	157	194	187	126	126	197	54	140	85	72	34	170	167	126	105	139	118
47	53	15	118	67	199	184	54	54	149	114	75	184	47	65	169	27	109	130	46
83	194	54	46	79	132	172	50	198	91	81	57	192	20	146	47	141	92	6	154
142	76	115	195	51	139	142	6	70	126	75	17	97	101	95	64	135	156	56	69
131	130	146	172	165	68	124	76	3	88	91	1	126	141	66	114	16	168	137	199
140	32	45	40	152	109	146	140	134	165	77	101	25	143	117	68	75	196	16	178
169	27	17	120	155	38	120	191	65	109	157	92	98	101	117	20	133	200	161	38
171	140	10	197	192	108	112	190	166	126	85	24	23	93	183	198	147	134	188	103
33	90	91	31	148	103	4	102	85	121	85	171	97	125	103	20	133	119	194	88
90	27	196	125	104	4	61	37	83	142	185	50	140	150	102	10	175	123	181	107
151	151	192	32	76	98	161	151	195	194	138	28	197	140	191	31	77	22	117	17
57	72	126	7	39	102	98	156	133	168	78	73	106	63	178	160	83	93	185	51
155	130	31	96	87	128	78	26	39	162	175	69	26	155	20	23	75	200	90	151
119	33	194	84	80	121	55	128	182	15	121	115	117	135	29	4	123	78	74	146
151	77	68	189	31	37	95	75	148	118	125	79	124	24	69	103	132	176	2	71
144	197	74	26	146	3	98	68	153	11	9	170	53	98	79	192	178	196	94	75
94	158	142	88	107	98	126	136	11	193	103	52	172	141	20	191	103	17	187	153
162	70	29	161	6	13	96	118	157	129	73	1	103	164	89	133	194	97	50	29
43	27	95	5	187	130	44	74	54	130	149	15	128	123	190	164	34	58	167	77
86	99	179	78	184	180	79	146	85	90	111	176	135	36	151	85	27	144	13	198
185	32	45	197	111	66	114	162	150	176	108	24	166	114	49	137	42	71	199	51
50	169	137	17	92	84	77	101	157	101	15	2	41	167	129	148	80	25	99	49
71	54	37	120	151	172	143	106	158	171	60	150	92	117	155	95	113	163	158	80
198	102	189	158	166	102	181	179	157	87	19	14	21	145	122	55	2	2	196	88
76	77	36	178	147	182	78	197	197	11	13	173	171	106	78	124	165	85	195	4
38	141	75	32	121	43	186	64	104	122	197	196	176	81	80	163	57	119	171	44
154	26	8	73	147	169	145	115	23	158	1	90	136	65	119	146	140	147	35	79
160	197	62	120	26	195	166	13	158	82	5	19	149	189	18	170	188	141	169	164
17	14	10	3	4	2	11	9	13	15	16	7	6	18	12	8	19	5	20	1
3	4	8	18	15	12	20	6	14	11	5	10	1	17	16	13	2	7	9	19
16	6	4	14	8	13	11	1	15	19	3	18	7	17	12	5	2	9	10	20
2	20	10	7	18	12	1	16	11	13	4	3	5	8	6	17	9	15	19	14
6	4	1	15	10	14	20	5	8	11	16	3	9	17	7	12	18	2	19	13
15	4	1	9	14	6	2	10	5	12	3	13	11	20	19	7	17	16	18	8
3	6	7	1	14	18	15	4	11	20	8	5	19	9	17	16	13	2	10	12
13	2	19	18	14	10	5	17	12	15	6	16	11	4	8	7	9	1	3	20
4	1	12	5	6	10	18	19	8	11	2	14	3	17	7	16	15	13	20	9
1	10	18	13	5	14	19	11	17	12	16	2	3	15	4	9	8	6	20	7
7	6	4	5	18	3	10	9	11	17	2	13	16	14	12	1	19	15	20	8
15	17	7	14	12	20	18	8	2	4	19	3	16	1	13	11	9	10	6	5
4	7	17	15	2	16	3	10	6	8	12	9	18	13	11	1	19	20	5	14
8	11	10	9	2	1	15	18	4	13	19	20	7	17	14	5	12	3	6	16
3	1	16	5	4	13	6	2	8	11	18	10	14	20	19	7	15	17	12	9
15	5	6	13	20	18	17	14	10	19	7	3	2	16	12	1	11	4	8	9
7	20	9	8	12	16	6	4	15	1	19	10	5	13	11	18	3	14	17	2
1	20	9	10	19	7	16	11	5	13	17	6	4	14	12	18	3	8	2	15
5	2	20	16	19	7	10	17	15	14	1	3	4	12	6	9	11	8	13	18
14	4	15	17	13	11	2	20	8	1	18	16	10	19	3	5	9	6	7	12
4	16	5	18	13	12	15	2	17	10	3	6	20	1	8	9	14	11	7	19
15	6	8	1	18	13	2	9	16	10	3	11	17	4	20	19	5	14	7	12
5	16	17	9	19	2	12	1	20	6	7	8	4	14	11	15	3	18	10	13
13	7	12	4	8	14	11	20	1	17	2	6	19	5	10	18	15	3	16	9
17	19	14	3	9	11	13	7	20	5	8	15	2	1	10	18	6	4	12	16
4	3	8	12	14	10	20	11	1	2	19	9	5	18	13	16	6	17	15	7
7	5	15	16	9	17	1	13	19	14	10	11	6	3	12	18	8	2	4	20
9	1	13	4	18	8	6	11	14	10	7	17	5	3	16	2	15	20	12	19
16	12	8	15	5	4	17	20	19	6	18	1	14	10	2	7	11	3	13	9
19	14	10	15	18	12	13	1	7	17	20	6	2	5	8	16	3	9	11	4
1	13	10	9	7	12	8	17	2	6	14	18	5	3	19	20	11	15	16	4
20	18	16	1	15	5	19	2	6	11	8	17	10	3	9	7	4	13	12	14
3	7	10	2	15	6	11	8	9	4	16	13	14	5	18	1	12	19	20	17
1	8	19	3	13	10	7	18	14	2	6	5	15	11	4	20	12	17	16	9
11	19	12	1	20	15	18	8	14	2	7	4	3	9	13	17	5	10	6	16
19	13	18	2	10	20	9	5	8	3	6	1	16	11	15	7	4	12	14	17
11	14	12	17	13	19	10	6	15	7	16	8	4	1	5	9	20	2	3	18
1	18	6	3	20	14	16	11	12	15	5	13	10	7	19	2	4	9	8	17
3	1	17	16	7	20	12	9	15	2	6	19	8	18	11	4	10	13	14	5
15	8	18	17	3	16	2	10	7	11	4	5	1	6	20	13	9	12	19	14
