50	15
61	96	115	14	93	198	37	135	153	53	109	166	88	184	8
84	133	126	62	175	83	34	132	60	75	105	127	32	79	183
11	182	30	105	162	174	153	103	71	104	115	87	140	134	140
89	176	43	80	138	142	57	165	103	167	117	146	109	148	115
193	53	95	71	32	21	180	29	188	178	158	142	40	98	22
148	153	111	136	99	25	164	188	168	121	195	180	107	169	195
58	194	115	162	39	84	31	154	118	78	99	4	169	126	156
89	52	95	63	171	118	129	172	128	33	193	43	161	152	8
184	127	20	196	62	172	167	142	196	172	36	106	16	34	193
39	140	182	88	55	54	124	34	94	52	144	142	200	133	110
146	26	134	183	38	49	149	159	200	132	92	138	162	127	23
136	66	25	158	84	126	149	173	52	165	28	97	59	200	37
116	104	169	37	51	180	130	36	76	194	161	15	193	114	99
61	121	45	97	170	184	195	148	181	186	106	22	59	113	119
110	138	158	180	174	93	127	29	81	180	108	118	87	117	150
56	30	169	139	84	28	160	188	120	166	121	104	90	92	199
65	6	163	160	85	83	163	174	113	9	54	9	87	33	75
60	42	150	50	19	98	117	156	133	101	159	104	84	134	174
44	12	182	2	193	162	55	55	191	108	75	179	144	110	65
32	78	166	110	39	179	154	185	96	137	15	82	197	57	15
126	16	28	8	164	108	103	158	38	19	112	151	49	61	52
172	55	180	145	69	30	135	123	47	49	69	117	87	172	107
194	198	163	184	71	13	190	91	117	137	120	51	31	88	185
65	23	12	119	128	198	48	76	77	65	95	105	77	131	126
150	122	132	134	14	150	194	182	128	154	74	18	175	51	111
156	169	99	136	145	151	184	114	49	4	68	163	73	88	154
1	67	181	23	142	135	103	147	92	123	105	2	8	125	22
78	78	70	172	71	89	106	65	93	109	185	156	138	187	40
7	128	83	170	157	78	12	93	9	89	71	42	138	199	110
83	73	111	74	150	38	148	175	90	36	142	189	166	197	152
39	82	138	36	68	64	174	6	199	165	32	152	58	36	88
192	74	101	150	78	19	7	88	44	187	62	64	151	180	86
94	133	42	103	198	37	91	56	80	38	78	3	20	115	46
143	122	125	55	142	129	87	24	191	143	65	13	164	179	154
134	2	108	154	12	200	170	35	69	39	114	150	133	135	154
17	22	124	114	135	158	156	105	169	11	87	186	91	8	121
146	100	18	164	1	93	179	153	33	17	63	60	183	106	59
158	179	89	77	28	191	183	105	143	176	155	92	24	58	161
45	41	186	32	5	108	125	86	98	99	37	178	165	58	40
92	103	68	153	106	149	153	199	157	183	197	123	13	77	91
170	126	14	160	102	180	138	32	157	198	111	139	181	46	121
146	199	88	19	33	184	151	100	92	193	48	148	146	85	13
175	189	173	32	181	108	69	110	121	199	69	160	142	91	82
14	7	118	134	68	75	78	116	1	158	183	144	53	199	79
103	61	40	27	114	122	23	151	7	16	180	9	143	181	147
153	123	117	124	82	22	72	164	48	81	168	7	25	168	184
35	125	135	38	99	34	21	193	47	192	74	66	172	177	129
44	124	144	1	49	67	108	136	107	153	31	61	37	21	93
32	172	174	25	41	71	186	5	90	147	111	88	174	187	68
79	67	200	82	16	12	171	176	55	101	147	159	196	1	39
2	4	1	5	10	7	11	8	12	15	9	6	3	14	13
11	12	2	8	10	13	7	4	6	14	1	15	5	9	3
13	5	14	15	10	11	8	6	3	7	4	12	9	1	2
14	11	7	13	6	12	3	1	15	2	8	9	10	5	4
9	13	7	15	12	2	4	14	5	8	11	10	1	6	3
12	3	14	2	13	1	7	15	5	11	4	9	10	8	6
14	13	3	9	12	15	7	8	2	5	6	11	4	10	1
5	2	7	10	3	9	15	12	13	14	6	11	1	8	4
14	1	3	13	7	8	10	6	12	5	11	2	9	15	4
8	14	9	2	7	13	15	1	3	6	10	5	4	12	11
9	8	4	3	11	14	12	5	6	15	1	10	2	7	13
15	10	5	8	3	2	4	14	9	12	11	6	1	7	13
5	10	9	8	6	13	3	12	14	2	7	4	15	11	1
15	7	1	9	3	12	2	5	8	4	6	13	11	14	10
9	6	15	13	10	14	11	5	2	4	8	7	1	12	3
3	11	15	5	6	7	13	4	1	2	14	8	12	10	9
15	10	7	1	6	3	13	11	4	9	14	2	12	5	8
15	1	5	11	8	7	14	6	3	4	2	13	12	10	9
5	15	7	1	9	11	3	4	14	8	2	13	12	6	10
9	5	13	1	8	6	14	12	3	4	15	11	7	2	10
14	15	4	9	5	2	10	3	6	7	1	12	13	11	8
11	12	7	1	2	15	10	9	6	5	13	4	8	3	14
11	12	4	1	8	6	3	2	10	15	13	7	14	9	5
11	6	8	7	15	1	9	3	4	12	5	13	14	10	2
1	12	10	5	6	11	13	14	4	2	3	9	8	7	15
14	1	10	2	15	5	9	8	4	12	3	7	13	6	11
2	14	5	12	13	10	6	3	1	9	7	11	8	4	15
13	1	8	15	7	4	14	10	2	11	6	12	5	9	3
4	14	8	13	3	1	5	6	11	7	2	10	9	15	12
1	4	2	12	15	3	5	8	13	7	6	14	10	9	11
8	10	15	4	7	6	9	11	13	5	2	12	1	14	3
10	1	14	13	7	6	2	12	8	9	11	3	5	15	4
14	3	11	15	9	6	2	7	13	8	12	10	4	5	1
7	5	12	3	6	11	8	13	15	14	1	9	10	2	4
4	2	11	7	8	15	6	10	5	9	14	13	1	12	3
10	9	14	12	8	7	15	5	4	6	3	13	11	1	2
9	11	15	1	2	13	14	4	10	3	8	12	7	6	5
11	7	4	6	10	14	9	15	8	5	12	1	3	13	2
1	5	14	10	11	2	3	12	15	6	4	8	13	9	7
1	10	5	13	9	12	2	7	3	6	8	14	11	4	15
6	12	10	3	13	5	1	9	7	8	4	2	15	14	11
2	3	10	1	11	4	15	6	14	9	5	7	12	8	13
3	6	9	10	12	8	14	11	15	4	2	7	13	5	1
11	8	7	2	5	14	10	9	1	6	13	15	4	12	3
7	13	6	2	5	11	4	8	12	9	15	3	14	10	1
14	1	2	12	15	10	6	13	9	4	5	11	7	3	8
9	7	2	15	1	11	13	10	12	4	5	14	6	8	3
6	13	8	5	2	4	14	15	11	1	9	3	12	7	10
5	12	2	4	10	9	15	7	3	14	1	11	8	13	6
13	7	14	10	8	15	9	6	1	3	11	2	5	12	4
