50	20
64	34	179	118	78	17	190	101	174	83	28	83	54	151	41	25	195	122	147	68
156	198	64	26	177	157	73	173	17	45	62	107	143	147	199	33	109	56	112	36
127	111	132	156	126	165	110	168	18	117	156	177	75	190	116	85	16	99	33	157
95	61	95	90	154	174	173	119	184	1	118	157	137	87	125	2	179	141	198	6
48	119	186	151	153	4	95	193	76	175	125	101	20	113	152	119	123	83	186	30
87	121	110	62	104	191	109	4	43	30	104	6	146	163	129	144	165	121	83	141
41	130	130	24	38	143	121	39	51	50	102	188	100	58	193	173	130	87	65	26
130	149	162	23	181	130	121	36	190	156	145	165	200	100	123	112	72	90	23	198
62	161	85	143	67	23	172	18	45	91	39	56	57	60	89	171	52	1	44	54
55	31	182	96	87	118	69	92	187	12	100	183	139	60	6	192	145	144	4	104
106	23	9	99	85	149	99	122	140	99	110	100	81	37	2	39	142	38	99	79
45	197	49	156	107	36	69	173	158	111	147	119	125	2	96	13	170	155	56	117
88	57	130	18	1	163	94	5	110	75	108	187	163	190	60	149	137	106	76	54
91	116	147	3	110	136	103	11	166	150	20	25	56	85	10	174	155	157	74	168
40	58	126	41	103	90	117	191	195	66	13	178	138	102	166	130	90	129	59	84
99	113	190	181	176	26	96	183	69	192	150	169	120	137	189	163	196	94	56	8
43	45	103	27	74	162	172	173	95	178	93	139	174	153	26	33	46	133	40	35
156	173	68	20	10	175	131	56	133	131	11	83	137	24	34	144	13	156	38	30
178	19	70	181	165	60	39	72	83	32	188	50	47	17	19	18	173	190	42	117
164	184	14	175	134	169	89	171	96	123	154	155	195	21	140	129	79	121	5	192
28	55	185	175	45	120	94	121	100	91	61	113	59	162	150	53	117	76	25	147
144	177	35	40	149	25	30	68	6	179	119	172	196	76	78	125	89	194	184	145
88	186	81	146	14	12	151	160	195	158	49	70	62	92	152	89	61	15	27	36
91	98	165	88	14	95	189	52	55	12	118	46	66	83	129	7	119	134	105	143
198	70	179	109	154	129	120	185	59	51	119	66	22	47	99	40	196	123	31	158
141	46	162	84	77	150	144	104	14	100	31	74	198	198	82	33	175	67	103	51
196	109	116	200	14	114	115	196	21	192	198	9	48	129	49	70	134	72	67	4
12	170	175	8	178	27	86	74	5	1	52	19	35	120	102	144	176	52	58	71
53	71	198	30	112	145	124	156	149	111	137	108	91	123	37	25	167	32	48	38
136	4	92	59	108	136	84	37	57	1	163	23	157	88	179	68	159	49	35	163
47	178	142	200	88	72	106	59	174	102	110	163	93	110	147	63	192	51	139	24
97	119	60	145	155	184	188	107	152	7	165	42	16	153	186	59	64	161	40	47
92	98	48	175	91	152	177	76	135	107	119	127	88	62	4	139	70	194	91	57
175	35	53	193	183	96	120	91	63	159	115	143	175	68	61	107	83	180	8	46
87	27	92	36	153	18	197	61	129	109	107	57	169	15	155	67	21	129	154	110
47	198	137	198	53	45	14	8	150	185	81	172	184	102	171	19	30	189	163	65
87	12	26	163	144	165	3	87	57	71	9	67	145	193	193	74	176	145	199	158
137	169	154	154	145	187	95	21	51	51	24	98	167	17	121	123	32	148	4	90
22	2	115	97	124	138	146	84	168	61	125	124	115	106	64	5	85	28	155	159
44	59	37	66	129	50	17	192	2	146	10	116	148	159	149	104	157	123	6	89
157	197	86	72	29	37	96	145	10	39	148	7	96	9	129	164	72	94	188	188
51	85	143	103	152	187	190	83	113	119	49	143	4	45	150	90	55	43	51	22
93	68	30	81	146	121	4	181	116	182	12	135	177	144	190	128	179	182	154	11
174	44	97	50	168	189	79	138	74	117	82	164	124	110	115	108	122	58	191	188
169	3	106	187	172	115	198	143	101	141	77	141	170	44	45	83	84	110	16	172
120	122	19	120	11	71	163	124	185	192	138	136	160	132	148	22	26	173	189	40
26	99	8	189	45	74	115	68	34	111	164	84	149	195	191	143	197	20	41	83
185	132	39	106	58	149	128	36	103	160	87	70	22	175	7	83	66	62	115	124
33	7	4	188	184	183	175	76	152	114	73	51	188	94	56	33	6	122	179	21
7	74	117	93	162	79	83	80	81	63	186	103	98	71	75	17	79	122	95	110
19	16	18	14	20	4	7	2	17	15	1	8	10	5	13	9	3	6	11	12
6	4	14	9	19	20	12	11	7	10	17	2	18	1	13	5	16	3	15	8
13	12	17	18	5	2	14	6	3	4	15	1	8	16	10	11	7	9	20	19
19	7	4	16	6	20	13	15	1	14	9	18	8	5	2	3	12	17	11	10
10	4	8	2	18	17	19	1	9	3	6	14	11	13	20	7	15	12	5	16
19	10	7	6	2	15	9	16	13	20	17	12	1	5	4	14	18	11	3	8
10	18	14	5	6	4	2	11	1	9	16	15	12	7	17	13	3	19	20	8
3	4	8	2	18	14	6	13	7	11	19	12	15	16	17	1	5	20	9	10
7	17	9	12	14	20	13	18	11	19	1	4	5	2	6	16	3	10	8	15
8	17	1	5	14	20	9	18	2	11	10	16	15	4	3	19	6	13	7	12
1	7	18	6	5	13	2	4	15	14	20	11	16	17	19	8	9	12	10	3
17	16	19	15	8	20	9	4	3	18	11	1	6	10	2	5	13	14	7	12
2	17	20	18	15	7	5	14	3	6	12	16	10	8	1	4	13	11	9	19
9	3	7	17	20	10	16	2	4	5	15	1	11	12	14	6	19	18	13	8
19	13	8	14	1	4	15	10	2	11	17	3	18	20	9	5	16	7	6	12
17	19	14	6	10	11	18	13	9	7	5	1	3	2	16	4	8	20	15	12
3	4	12	13	17	15	5	10	16	9	1	6	11	20	19	14	8	2	18	7
13	5	9	19	2	4	12	20	10	15	16	6	8	3	17	14	7	11	1	18
11	9	6	7	5	19	12	3	8	18	16	15	20	17	14	13	4	10	1	2
15	20	11	2	3	14	18	19	6	17	8	7	12	9	1	13	4	10	5	16
7	10	12	18	15	20	8	14	11	4	13	17	3	6	19	9	16	2	5	1
9	16	5	4	6	17	20	13	18	8	14	19	15	7	2	10	3	1	12	11
14	8	2	17	13	18	12	20	6	1	10	15	11	19	5	4	9	3	16	7
17	18	10	20	2	7	4	1	16	8	6	19	15	12	3	5	14	9	13	11
2	7	14	20	18	9	11	12	19	3	10	13	6	4	15	5	16	8	17	1
10	16	3	5	1	8	7	12	11	13	19	20	18	15	17	14	2	9	6	4
5	4	14	19	16	13	8	17	15	9	3	12	20	11	7	18	2	10	6	1
7	10	9	3	11	18	6	2	14	1	16	8	13	17	4	12	15	19	20	5
16	2	11	5	1	20	4	19	6	3	10	8	18	7	15	17	12	14	9	13
18	15	10	12	6	8	5	13	20	7	2	4	19	16	1	3	9	14	11	17
2	18	8	11	15	13	14	9	10	3	19	1	5	6	12	17	16	4	7	20
9	17	15	20	19	6	1	8	7	5	4	2	11	13	14	12	10	18	3	16
8	4	16	14	9	6	7	3	20	19	12	18	15	1	13	17	5	10	2	11
18	15	11	16	12	20	3	10	5	9	19	17	4	1	8	14	13	7	2	6
6	10	13	20	1	11	2	3	8	16	5	7	18	4	12	15	19	14	9	17
13	9	2	18	17	12	4	20	6	15	5	8	1	3	10	14	7	11	19	16
14	17	7	13	2	1	16	9	10	19	15	12	11	5	6	20	4	8	3	18
6	9	4	13	8	3	20	12	7	14	18	1	11	19	2	16	10	5	15	17
1	11	6	5	19	4	15	7	3	2	9	17	20	14	8	10	16	18	12	13
5	9	18	1	12	17	16	15	19	8	11	13	4	6	14	3	20	2	10	7
2	17	8	7	3	10	20	14	15	5	16	9	6	19	11	4	12	13	18	1
17	3	13	12	14	7	9	18	15	10	6	11	2	4	8	16	19	1	5	20
17	8	4	1	16	3	9	6	13	12	15	18	7	2	5	19	11	14	10	20
11	18	8	16	14	20	19	2	3	12	5	9	4	1	10	6	15	17	13	7
2	18	17	13	11	7	16	20	15	14	6	9	4	5	10	19	8	3	1	12
15	5	12	3	13	2	11	19	1	17	14	8	20	10	9	6	4	7	16	18
3	5	13	7	20	12	16	6	4	17	1	8	15	18	2	19	10	11	9	14
12	7	20	17	16	8	1	14	3	9	18	15	19	6	10	4	13	2	11	5
5	19	17	8	16	20	12	6	15	18	2	7	11	10	13	1	4	9	14	3
4	2	13	3	8	17	9	14	7	18	5	12	20	11	16	1	15	6	10	19
