50	20
81	76	185	75	117	138	158	7	125	22	107	173	168	169	120	28	181	86	173	10
105	95	29	85	161	27	10	115	12	169	137	159	198	1	185	35	114	78	20	59
41	19	76	146	83	62	47	118	22	31	27	169	191	47	63	147	4	75	143	140
123	189	200	45	13	180	182	63	195	3	59	151	178	173	133	97	31	177	16	5
125	182	67	181	62	9	164	124	192	149	145	185	179	167	151	190	163	74	80	66
118	19	13	183	152	108	4	15	102	98	120	63	191	110	170	171	118	69	123	189
53	166	8	17	18	167	69	9	165	125	112	182	3	163	123	116	190	115	33	146
84	60	176	108	176	139	172	83	142	113	183	143	196	175	139	19	34	44	113	49
160	144	6	20	6	28	154	175	8	90	95	187	7	98	193	7	174	93	165	3
131	100	105	200	64	118	187	113	175	180	185	148	101	45	84	173	139	4	86	118
104	39	162	77	187	70	114	198	104	132	29	25	51	138	50	32	121	139	151	9
85	86	18	124	37	20	11	157	163	140	98	33	64	64	55	102	59	34	31	150
150	122	121	82	176	83	154	62	14	35	76	82	181	81	77	5	79	42	72	92
100	26	156	128	167	10	57	86	118	146	6	59	125	170	180	194	29	100	178	69
130	58	65	28	64	3	59	144	73	138	75	31	118	153	32	140	46	70	44	35
105	121	57	121	186	146	87	13	175	26	70	20	16	55	59	51	160	89	115	54
32	143	170	122	92	68	141	84	160	50	83	49	89	160	101	3	32	34	77	165
122	32	188	130	85	18	135	85	117	81	179	98	179	124	169	168	4	120	81	113
116	106	24	38	58	66	48	98	54	70	31	134	22	125	17	172	5	43	46	145
86	60	186	128	115	103	62	134	37	186	162	107	160	162	111	83	104	115	53	95
75	46	25	132	199	94	152	123	73	61	138	114	125	181	129	78	108	141	32	82
170	108	135	46	130	9	41	114	48	46	47	40	19	73	195	183	129	192	129	161
175	155	89	159	48	174	88	56	119	66	195	12	157	190	163	67	48	138	71	37
133	102	17	36	27	176	41	125	165	151	124	62	192	88	146	156	153	8	100	125
102	181	35	106	123	79	165	87	176	169	143	178	190	12	112	28	120	130	200	117
115	23	179	179	79	77	146	131	25	132	173	98	197	12	135	125	62	69	152	77
108	91	102	66	93	133	82	38	161	61	18	112	163	197	14	160	29	196	153	130
186	166	36	129	24	152	18	138	158	123	187	140	30	157	198	2	2	142	130	121
24	139	78	140	77	10	139	47	17	159	95	32	93	32	105	105	74	101	131	152
168	83	54	64	191	32	33	78	121	58	138	56	47	56	39	197	161	185	2	86
13	8	51	181	77	195	60	175	198	153	148	117	22	81	2	119	135	172	124	44
51	173	53	36	123	143	16	33	151	32	48	68	84	156	24	195	179	92	52	115
170	139	28	15	49	3	31	33	71	66	194	107	62	144	16	186	12	32	180	187
79	17	10	155	102	119	13	36	132	185	73	126	191	102	48	168	180	107	140	45
35	191	14	38	192	4	46	183	166	89	23	97	197	67	8	100	44	11	180	113
78	71	104	73	183	141	23	31	129	92	198	189	186	34	54	186	130	131	149	72
87	157	182	193	17	33	37	50	179	200	79	191	68	24	159	63	47	100	85	114
164	18	3	120	127	161	166	8	28	196	56	198	198	140	51	138	151	131	197	115
85	140	180	70	81	83	55	125	83	173	114	77	113	155	47	33	172	17	1	52
104	120	199	148	175	182	146	1	71	16	107	171	146	84	184	114	170	83	62	139
186	19	104	74	12	129	62	77	121	96	6	9	121	100	140	113	88	115	126	183
193	187	126	14	98	69	10	131	101	66	77	60	179	141	88	193	102	183	27	105
122	44	122	162	186	104	156	192	11	50	147	48	64	195	54	80	72	167	89	36
143	151	170	163	40	79	200	43	78	194	64	98	173	173	131	171	80	169	78	18
45	135	25	30	72	65	50	46	168	68	16	102	100	54	29	77	168	21	40	50
178	186	111	87	67	82	23	101	147	131	17	101	72	72	94	155	94	124	54	46
178	135	199	103	126	24	6	59	39	49	54	200	116	5	147	185	87	147	35	133
193	136	22	190	155	136	41	127	100	130	23	194	184	195	125	116	26	11	62	35
25	183	97	189	132	40	173	150	128	168	51	96	120	188	122	129	10	30	143	150
56	67	146	189	128	167	128	146	145	135	160	191	128	153	182	84	134	159	21	198
5	10	7	2	8	4	1	3	9	6	11	16	18	19	20	15	17	12	13	14
8	1	3	10	4	7	5	6	9	2	16	18	11	12	15	19	13	20	14	17
10	3	6	5	9	2	7	1	4	8	18	20	13	12	15	11	16	14	19	17
8	9	4	2	1	6	5	10	3	7	19	12	20	17	14	13	16	18	15	11
9	1	4	2	8	5	10	7	3	6	15	11	18	13	12	20	19	17	14	16
7	10	5	8	6	4	2	9	1	3	17	11	20	13	14	15	16	12	18	19
3	9	7	8	1	10	4	6	2	5	13	19	20	15	16	11	17	18	12	14
4	7	1	9	10	2	6	5	3	8	16	17	12	20	11	15	14	13	18	19
2	6	10	5	8	7	1	4	9	3	15	11	18	14	17	13	20	19	16	12
4	5	10	9	8	3	6	7	2	1	16	12	14	13	15	19	11	20	18	17
2	8	4	1	5	10	9	6	3	7	14	12	11	16	20	13	17	15	18	19
6	9	1	2	5	4	8	7	10	3	15	14	12	16	13	17	19	18	20	11
4	1	5	9	2	7	10	8	6	3	15	17	20	18	16	19	11	14	13	12
5	2	1	8	4	3	9	10	6	7	12	18	16	17	19	20	11	14	15	13
9	7	5	8	2	3	10	1	4	6	20	13	18	19	12	15	16	14	11	17
2	7	10	4	6	5	1	9	3	8	15	20	18	14	19	16	12	11	13	17
3	9	2	10	8	6	1	7	5	4	18	14	13	11	15	12	16	17	19	20
6	4	7	10	1	3	9	8	5	2	12	16	19	20	14	17	11	13	18	15
9	6	1	7	3	5	8	4	10	2	17	15	19	16	14	18	11	20	13	12
4	10	5	9	7	2	1	6	8	3	16	17	20	13	15	11	18	12	19	14
7	5	4	1	9	10	3	8	6	2	20	17	18	12	19	11	16	14	13	15
4	9	5	3	1	6	7	8	10	2	18	13	17	19	15	14	11	16	20	12
9	7	10	6	2	5	4	3	8	1	16	18	12	13	14	19	11	20	15	17
1	10	9	3	8	6	5	4	2	7	20	15	17	16	19	12	14	11	13	18
6	3	7	8	5	4	10	1	9	2	16	17	19	18	15	14	12	11	20	13
5	10	3	1	2	7	8	6	4	9	20	18	15	17	12	16	11	19	13	14
6	10	3	4	9	8	2	7	1	5	19	15	13	11	20	12	14	17	18	16
1	4	2	3	5	7	9	6	8	10	19	13	17	20	12	18	16	11	14	15
7	4	3	1	6	10	5	8	2	9	15	20	14	13	16	12	17	18	11	19
7	5	4	9	1	8	3	2	6	10	20	15	16	13	19	12	18	14	11	17
5	7	8	10	6	2	1	4	3	9	13	16	11	18	19	15	20	12	17	14
5	7	8	2	10	9	4	6	1	3	20	18	13	15	17	11	16	19	12	14
8	6	3	2	1	5	9	10	4	7	11	19	14	13	18	16	17	15	12	20
3	5	8	1	10	9	4	6	7	2	17	12	14	13	19	16	18	11	20	15
6	2	8	1	7	9	3	4	5	10	12	13	20	14	18	16	17	11	19	15
8	3	1	6	5	7	4	2	9	10	16	13	14	18	17	15	20	12	11	19
3	10	8	2	9	4	5	6	7	1	14	20	13	15	11	17	19	18	12	16
5	6	7	10	2	9	3	1	8	4	11	17	16	18	14	15	19	13	12	20
7	8	2	10	3	1	6	5	4	9	14	15	16	18	20	13	11	17	19	12
6	5	3	4	1	10	9	7	2	8	13	18	17	20	12	15	14	11	16	19
9	4	2	10	6	5	3	1	8	7	16	20	19	18	12	17	14	13	11	15
1	9	2	4	10	6	5	7	3	8	12	15	14	16	13	19	11	20	17	18
8	2	6	1	7	5	10	9	4	3	18	11	15	13	16	12	20	14	19	17
4	5	3	6	10	1	2	7	8	9	16	11	18	17	14	13	19	12	15	20
5	7	9	8	10	6	1	2	3	4	15	19	12	11	13	16	20	18	17	14
5	2	7	9	4	6	8	3	1	10	17	14	12	20	16	19	13	11	15	18
4	5	3	10	9	7	2	8	1	6	18	16	13	15	12	11	17	19	14	20
6	9	8	1	10	5	4	7	2	3	12	16	13	11	19	14	17	20	18	15
1	10	9	7	2	8	4	6	3	5	14	18	12	13	16	11	20	17	15	19
7	1	5	2	9	10	8	3	4	6	16	17	11	13	18	19	12	14	20	15
