50	15
45	15	155	54	3	87	95	184	64	18	184	99	102	187	16
12	117	189	198	39	135	101	169	106	54	114	63	123	52	2
96	36	42	33	37	44	69	54	191	158	83	23	155	30	179
45	16	88	172	136	95	58	82	114	57	38	121	13	198	34
66	74	143	157	143	39	13	161	24	113	48	131	153	118	145
96	100	37	122	178	59	163	186	124	88	199	101	28	176	25
117	180	97	86	34	59	83	122	154	115	141	172	126	116	170
25	122	49	23	192	194	140	25	153	22	169	112	117	10	183
155	107	9	60	146	77	168	10	11	122	92	188	193	56	125
162	50	164	155	182	18	172	97	103	91	121	19	155	38	41
183	163	154	139	192	161	115	50	183	82	161	115	112	189	30
178	183	117	95	1	14	45	176	56	59	50	145	182	118	127
45	173	97	90	114	34	198	97	78	25	105	128	27	110	69
62	1	90	93	129	165	171	113	158	21	62	163	14	111	65
197	96	192	86	50	152	165	176	101	153	180	60	174	183	53
99	190	192	153	54	123	45	139	47	54	129	137	144	173	97
93	110	34	146	154	28	180	60	168	58	181	169	66	143	146
46	132	19	150	120	23	72	157	137	142	97	107	10	116	108
68	186	180	166	111	171	58	82	39	144	12	43	46	141	72
162	161	95	27	68	81	77	58	129	186	128	147	57	178	77
198	86	121	78	16	32	54	186	139	135	22	81	106	159	68
138	49	163	12	35	169	48	106	97	181	64	156	87	54	59
113	125	100	2	126	23	28	109	144	99	18	146	114	152	86
76	57	145	28	89	187	40	168	9	133	22	132	78	40	81
80	79	79	80	147	13	13	181	51	174	143	122	63	82	44
38	25	130	144	173	198	98	125	52	170	147	21	83	50	93
109	144	47	108	181	141	135	22	147	53	24	110	117	69	126
76	123	110	165	198	60	132	27	80	93	155	126	146	79	69
40	118	157	50	128	169	189	80	61	76	73	33	130	147	124
72	71	164	55	94	20	39	183	7	94	96	110	14	87	76
189	98	99	75	25	133	42	100	58	188	49	93	109	193	99
51	2	197	194	51	38	81	93	112	21	29	122	153	158	152
188	143	77	91	15	75	165	36	56	186	198	61	126	142	146
114	142	114	77	107	124	200	187	59	127	18	37	183	17	117
144	70	162	155	89	133	80	8	122	196	128	129	128	170	141
197	190	34	37	97	14	53	102	141	141	47	43	83	29	32
37	56	165	70	179	126	93	12	37	127	31	49	46	151	107
74	91	52	100	193	72	47	158	154	126	126	198	16	96	115
2	119	35	124	53	126	40	5	28	123	154	170	6	106	162
165	200	81	54	71	32	187	48	131	172	137	10	56	122	175
47	48	34	160	153	95	189	77	125	117	166	36	149	148	67
120	11	96	104	34	75	155	5	91	91	143	44	130	88	102
30	20	42	159	168	150	182	8	15	16	140	36	27	32	48
54	119	57	121	46	79	14	133	57	169	168	167	194	149	22
127	171	158	59	149	54	26	32	181	22	200	187	49	53	145
171	30	1	188	80	13	75	106	133	89	100	96	46	153	162
167	51	139	58	155	66	150	48	14	22	107	73	137	134	190
86	16	64	151	69	71	10	111	119	15	61	188	29	103	141
118	79	100	107	124	187	22	104	169	158	71	93	22	56	72
194	161	142	175	36	129	80	97	66	21	140	160	136	14	103
4	6	7	5	1	3	2	9	12	10	11	13	15	14	8
2	3	6	4	5	1	7	13	8	12	14	10	15	11	9
3	7	4	2	5	1	6	11	13	12	14	15	8	10	9
3	6	4	2	7	5	1	13	11	14	15	10	8	12	9
4	6	2	1	7	3	5	10	14	12	8	11	9	13	15
5	3	4	1	6	7	2	14	15	10	9	11	13	8	12
3	5	1	6	7	2	4	9	15	11	12	8	10	14	13
1	7	2	6	5	3	4	10	11	14	9	13	8	12	15
4	5	3	1	2	6	7	8	9	13	14	11	12	15	10
5	6	1	3	4	2	7	9	13	12	15	10	14	11	8
5	3	7	6	1	4	2	9	10	15	14	12	8	11	13
5	4	2	7	6	1	3	9	11	13	15	14	8	12	10
5	6	7	4	1	3	2	11	9	14	8	15	13	12	10
7	5	3	6	4	2	1	13	8	9	14	11	15	12	10
2	5	7	6	3	4	1	12	15	13	14	11	10	8	9
3	6	2	4	7	1	5	13	8	12	9	15	10	11	14
7	3	5	4	1	2	6	10	14	9	11	15	8	13	12
3	2	6	4	1	5	7	12	10	8	9	15	11	14	13
3	1	7	2	4	5	6	15	12	11	9	14	8	13	10
2	1	5	3	7	6	4	11	12	14	9	15	13	10	8
4	1	3	2	5	7	6	9	14	11	13	15	12	10	8
7	3	6	1	2	5	4	8	10	11	12	14	13	15	9
1	4	2	5	3	7	6	8	10	14	11	9	13	15	12
4	7	2	3	6	1	5	11	9	12	8	15	10	14	13
2	7	4	6	5	1	3	13	9	8	15	11	14	12	10
2	5	4	1	3	6	7	14	11	9	13	15	8	12	10
3	4	7	5	2	6	1	13	9	10	8	15	14	12	11
2	1	7	3	6	4	5	15	10	13	12	9	14	8	11
1	3	6	5	4	2	7	11	12	8	9	10	15	14	13
3	7	6	5	4	2	1	14	11	12	8	9	15	13	10
2	6	5	4	7	3	1	15	12	13	14	8	11	9	10
5	4	7	3	2	1	6	15	13	10	9	12	11	8	14
6	5	7	3	2	1	4	9	14	8	11	12	10	15	13
4	5	3	1	7	2	6	10	14	9	15	13	8	11	12
5	6	4	3	2	7	1	12	8	13	9	10	11	14	15
6	2	4	7	3	1	5	10	11	12	14	8	13	9	15
1	6	7	4	3	5	2	8	13	15	11	9	12	10	14
4	5	6	7	2	3	1	12	11	13	9	10	15	14	8
1	2	4	6	5	3	7	10	12	13	14	11	8	15	9
7	4	5	1	3	6	2	12	9	11	13	8	15	14	10
1	4	6	3	5	7	2	15	9	12	8	14	10	13	11
1	2	5	7	3	6	4	11	13	10	9	8	12	15	14
6	3	7	1	2	4	5	15	8	13	11	9	12	14	10
5	7	4	6	2	3	1	10	13	11	15	9	8	14	12
7	3	6	5	1	4	2	15	10	9	8	13	14	11	12
7	5	6	2	4	3	1	12	10	14	13	9	11	15	8
2	4	3	1	7	5	6	14	11	9	13	15	8	12	10
4	1	7	5	3	6	2	8	12	15	9	11	10	14	13
3	6	5	4	7	1	2	10	11	15	9	8	13	14	12
3	1	5	6	7	2	4	9	12	8	15	14	10	13	11
