50	20
190	156	141	92	87	170	171	152	198	181	4	153	1	59	131	24	110	42	88	7
96	77	44	104	49	5	137	25	6	61	160	100	126	198	165	71	86	196	137	192
102	176	29	23	172	145	23	25	93	138	40	182	20	1	141	162	164	63	71	195
25	18	137	28	50	82	56	107	45	155	104	77	5	20	28	64	117	53	4	101
35	52	37	7	113	74	123	84	162	126	146	200	126	18	45	83	40	104	21	190
71	69	27	42	194	188	25	145	168	87	19	143	73	31	50	84	171	148	65	139
178	170	185	56	170	49	23	17	102	127	118	106	186	77	16	1	165	123	27	139
44	92	177	131	95	83	164	177	50	166	14	97	141	7	185	108	130	135	26	48
105	45	11	35	56	55	92	105	17	80	182	112	117	66	51	151	112	192	174	200
66	32	21	69	192	50	52	70	171	20	93	7	67	48	8	151	93	178	38	173
173	24	85	152	2	163	110	130	15	93	148	24	144	137	124	19	100	55	157	139
142	193	31	137	199	64	171	78	121	7	143	76	96	19	193	125	147	106	117	170
102	16	102	174	71	140	113	27	99	157	25	184	94	181	104	7	105	100	128	44
1	58	2	188	82	195	139	189	42	1	11	30	145	3	162	66	79	67	191	90
142	149	27	198	2	185	80	40	41	2	59	104	112	118	66	77	125	178	146	56
48	51	136	189	85	59	128	11	57	163	158	43	27	89	19	161	7	134	45	26
74	59	190	138	102	115	117	61	183	79	20	118	191	136	84	42	21	79	32	14
25	68	96	148	33	198	34	59	159	157	28	128	11	38	120	38	55	76	152	185
134	138	94	20	132	183	106	62	186	5	156	21	69	92	151	95	179	38	35	20
175	29	173	105	53	27	153	11	2	31	35	56	25	19	116	2	136	185	19	100
17	21	131	75	92	110	44	89	1	75	115	11	72	168	108	6	51	107	79	171
162	150	18	107	78	131	150	68	38	23	169	10	152	103	1	113	70	27	76	82
97	3	190	160	145	53	76	129	194	140	21	67	82	14	142	102	190	182	156	146
20	26	110	54	186	49	152	72	178	185	99	117	107	98	162	127	91	19	145	66
20	95	11	41	120	79	113	118	117	193	188	40	125	13	192	68	148	99	44	98
53	108	154	99	140	94	142	197	159	39	12	174	192	67	34	177	189	168	149	146
156	24	107	121	28	176	111	117	61	54	82	43	77	156	123	162	152	119	91	30
111	43	66	129	98	95	152	138	46	102	189	70	37	44	115	18	73	76	64	149
9	129	80	134	171	138	12	161	65	12	148	125	135	196	101	181	56	156	28	91
75	108	18	200	8	171	86	143	163	172	47	65	191	132	148	190	27	199	49	167
45	200	7	38	199	183	68	65	134	104	106	149	54	192	76	133	25	194	152	45
29	26	171	100	5	35	163	129	74	197	97	87	102	183	197	41	161	80	151	189
25	119	28	24	78	58	185	131	197	54	3	100	159	111	151	1	97	167	25	19
39	3	63	160	189	24	67	68	38	193	196	92	89	127	123	28	200	26	61	102
162	155	31	26	140	162	23	49	73	9	1	140	184	180	186	136	170	169	135	101
98	59	136	182	146	94	97	184	102	36	182	106	95	77	63	80	142	156	138	163
100	13	129	37	134	198	37	50	92	195	106	153	26	58	103	101	161	84	192	165
38	167	95	185	175	11	78	7	23	51	14	200	32	58	126	71	113	90	24	131
9	79	82	177	75	64	160	19	63	146	146	133	110	134	46	112	76	32	153	174
172	191	118	110	136	183	125	152	141	143	152	153	145	148	9	40	96	142	183	188
190	182	3	77	83	164	104	180	48	88	115	169	107	34	138	51	88	7	144	185
191	124	86	43	4	125	185	50	193	57	35	126	131	92	81	75	169	168	58	16
151	83	6	45	62	139	94	70	158	43	156	100	35	68	102	193	65	155	103	14
39	33	50	159	121	78	11	34	134	74	131	188	121	139	112	41	145	192	165	83
199	87	5	148	200	72	158	23	187	59	156	42	149	167	123	39	81	122	31	54
91	129	142	111	73	198	81	75	11	59	200	173	78	105	66	11	53	156	159	7
108	132	16	16	81	31	13	98	86	92	32	64	157	80	78	159	149	32	127	142
176	188	13	121	126	154	160	184	173	154	169	4	18	170	8	189	142	160	116	117
124	143	96	131	77	43	32	71	145	72	68	59	187	179	195	43	60	82	156	99
152	162	191	136	62	158	139	17	58	120	74	175	175	95	178	41	26	80	63	67
5	2	3	7	9	1	10	6	8	4	11	19	12	15	14	20	18	16	17	13
4	7	9	8	3	2	5	10	1	6	17	19	13	18	16	12	14	20	11	15
1	8	2	3	4	6	5	10	9	7	20	17	18	16	15	13	14	19	12	11
7	5	10	1	9	4	3	2	8	6	20	18	15	11	17	12	16	13	14	19
1	8	4	10	3	9	5	6	7	2	18	15	14	13	20	12	11	16	17	19
5	6	2	4	8	10	1	3	7	9	15	18	19	20	13	17	16	14	11	12
4	9	5	8	3	1	7	2	10	6	19	17	14	13	20	11	15	18	16	12
5	7	4	9	3	8	2	6	1	10	18	14	16	20	12	11	15	19	17	13
8	3	7	10	9	4	1	5	6	2	19	17	13	11	12	15	16	20	18	14
7	6	4	3	2	10	8	5	9	1	12	13	20	15	17	11	19	16	18	14
8	9	10	1	5	2	3	6	4	7	19	11	15	20	13	12	14	17	16	18
9	4	7	2	1	8	5	6	3	10	13	12	17	16	11	14	20	18	15	19
10	3	6	4	1	7	5	9	8	2	15	13	14	17	19	11	18	16	12	20
10	7	8	4	6	1	3	2	5	9	12	20	18	19	17	16	13	11	15	14
6	5	10	1	2	8	3	4	9	7	16	19	11	13	15	18	12	14	20	17
4	9	1	3	2	10	8	6	7	5	19	13	12	14	17	18	15	16	20	11
5	2	4	6	8	7	1	9	10	3	19	13	14	16	15	18	11	12	17	20
3	7	6	4	5	9	10	1	8	2	17	20	19	12	16	18	13	14	15	11
6	4	10	2	3	7	8	5	1	9	20	13	11	15	19	14	17	18	12	16
2	9	1	5	6	8	7	10	3	4	17	19	16	14	11	15	18	20	12	13
6	2	8	1	7	4	5	3	9	10	18	15	16	13	17	14	12	20	19	11
4	1	7	9	2	6	8	3	5	10	11	13	12	14	17	16	19	15	18	20
7	3	1	6	4	8	10	9	5	2	17	18	20	15	19	14	11	16	13	12
1	7	10	4	8	3	6	9	5	2	17	18	15	19	14	16	11	20	12	13
5	10	6	8	2	3	1	9	4	7	12	13	14	19	17	20	11	18	16	15
8	5	7	1	9	10	3	4	6	2	19	14	13	16	11	12	20	18	15	17
8	6	9	4	1	7	2	10	3	5	15	16	20	18	13	12	19	11	14	17
9	6	3	2	1	8	7	5	4	10	14	18	20	15	12	11	13	17	19	16
8	4	5	9	7	10	1	3	2	6	13	11	19	17	14	16	18	12	15	20
9	6	8	7	5	4	1	10	3	2	11	13	15	18	16	20	19	14	17	12
4	5	7	2	9	1	10	6	8	3	17	11	19	12	18	14	16	13	15	20
1	5	3	8	10	4	6	9	7	2	15	11	18	17	19	12	20	14	13	16
8	2	6	7	9	5	1	10	3	4	12	18	11	17	20	13	15	16	19	14
4	1	10	5	8	7	9	2	3	6	18	12	11	20	14	15	19	17	13	16
4	2	3	6	7	5	10	8	9	1	11	13	12	14	20	18	17	16	15	19
9	10	3	2	5	4	6	8	7	1	19	15	13	17	20	16	14	18	11	12
5	8	6	2	4	3	10	7	1	9	16	12	15	13	11	19	20	18	14	17
4	10	8	5	9	2	6	3	7	1	20	13	17	11	19	16	12	14	18	15
8	3	4	7	6	10	1	9	2	5	16	20	15	19	17	13	11	18	14	12
6	9	8	3	1	5	7	10	2	4	18	12	20	11	19	15	17	16	13	14
9	8	7	10	5	4	3	2	1	6	18	20	15	16	17	14	19	11	12	13
9	5	1	7	6	4	8	3	10	2	14	15	11	12	19	13	17	16	20	18
1	2	9	4	5	7	3	8	10	6	20	15	17	14	18	13	19	16	11	12
7	8	6	9	3	10	4	5	2	1	14	15	16	13	11	18	19	20	12	17
8	10	5	3	7	9	4	2	6	1	19	14	13	16	12	15	20	11	17	18
8	6	5	4	7	10	1	3	9	2	15	12	19	11	18	13	17	16	20	14
4	6	7	10	3	9	1	8	5	2	15	14	17	11	18	13	16	12	20	19
7	6	3	1	5	2	4	9	8	10	19	18	17	14	11	15	20	12	16	13
6	8	3	10	4	2	7	5	9	1	16	12	14	20	13	19	11	15	17	18
4	6	2	5	1	9	8	10	7	3	19	13	11	18	15	12	17	16	14	20
