15 15
 6 94 12 66  4 10  7 53  3 26  2 15 10 65 11 82  8 10 14 27  9 93 13 92  5 96  0 70  1 83 
 4 74  5 31  7 88 14 51 13 57  8 78 11  8  9  7  6 91 10 79  0 18  3 51 12 18  1 99  2 33 
 1  4  8 82  9 40 12 86  6 50 11 54 13 21  5  6  0 54  2 68  7 82 10 20  4 39  3 35 14 68 
 5 73  2 23  9 30  6 30 10 53  0 94 13 58  4 93  7 32 14 91 11 30  8 56 12 27  1 92  3  9 
 7 78  8 23  6 21 10 60  4 36  9 29  2 95 14 99 12 79  5 76  1 93 13 42 11 52  0 42  3 96 
 5 29  3 61 12 88 13 70 11 16  4 31 14 65  7 83  2 78  1 26 10 50  0 87  9 62  6 14  8 30 
12 18  3 75  7 20  8  4 14 91  6 68  1 19 11 54  4 85  5 73  2 43 10 24  0 37 13 87  9 66 
11 32  5 52  0  9  7 49 12 61 13 35 14 99  1 62  2  6  8 62  4  7  3 80  9  3  6 57 10  7 
10 85 11 30  6 96 14 91  0 13  1 87  2 82  5 83 12 78  4 56  8 85  7  8  9 66 13 88  3 15 
 6  5 11 59  9 30  2 60  8 41  0 17 13 66  3 89 10 78  7 88  1 69 12 45 14 82  4  6  5 13 
 4 90  7 27 13  1  0  8  5 91 12 80  6 89  8 49 14 32 10 28  3 90  1 93 11  6  9 35  2 73 
 2 47 14 43  0 75 12  8  6 51 10  3  7 84  5 34  8 28  9 60 13 69  1 45  3 67 11 58  4 87 
 5 65  8 62 10 97  2 20  3 31  6 33  9 33  0 77 13 50  4 80  1 48 11 90 12 75  7 96 14 44 
 8 28 14 21  4 51 13 75  5 17  6 89  9 59  1 56 12 63  7 18 11 17 10 30  3 16  2  7  0 35 
10 57  8 16 12 42  6 34  4 37  1 26 13 68 14 73 11  5  0  8  7 12  3 87  2 83  9 20  5 97 
