15 15
13 52 12 19  7  6  0 20  5  1 11 26  9 90 10 44  1 27  2 18  3 51 14 80  4 10  6 51  8 41 
 2 44  1 85  8  2 14 78 13 86  0 88  5 61 11 20  9 56 12 12 10 69  7 34  3 55  4 34  6 84 
 0 62  3 72  1 74  7 63  4 95  8 29 14 24  5 34  6 89  2 83 13 90 12 26  9 98 10 65 11 31 
 9 10 11 15  0 93  7 79 12 77 14 61  6  1  1 48 13 22 10 27  4 21  5 17  3 45  2 96  8 11 
 8 83 13 52  5 70 10 78  9  7 14 28 12 97  2 52  3 29  0 81  6 60 11 91  7 80  4 54  1 35 
12  3 13 31 14 98  9 97  5 77  1 39  6 41  7 10  0  9  3 93  8  7 10 49  4 20 11 45  2 59 
 9 28  0 93  5  4  4 51 12 67 14  5  6 18  1 52  3 47  8 21 13 49 11 63  2 96 10 85  7 90 
12 25  1 82  9 58 14 15  6 67 10 50  2 66  7 92  4 56 11 82 13 57  5 16  3 34  8 99  0 61 
 6 82  5 31 12 22  4 16  1 87 14 48  9 59  0 63  7 29  8 99 10 48 13 36  2 91 11 61  3 59 
 8 28  3 25  5 69  4 65  1 62 10 57  7 97  9 31 13 15  2 25  0 83 11 98  6 55 12 66 14 31 
 4 20  2 99  1 13  0 88 14 25 10 75  9 90  6 84 11 70 12 41  3 17  8 54  7 63 13  1  5 95 
 8 59  3 22 13 46 14 10  2  1 11 21  5  3  4 84  9 93 12 59 10 78  7 73  1 59  0 42  6 63 
 7 72  1 80 10 12  4 56  0 22  8  8 12 93  6 27 13 17  2 38  3 26  9 51 11 43 14 80  5 94 
 8 72 11 78  3 29  7 90  1 46 12 46  6 43  4 75 10 90 13 29  2  8  5 92 14 16  9 62  0  6 
 5 89 13 44 14 41  6 32  9 10 11 85  7 16  2 23 12 91  8 46  3 35  4 17 10 93  1 45  0 93 
