15 15
 3 91 13 15 11 45  4 26  2 90  9 53 10  7  6 78 12 94  7  8  5 19 14 56  8 69  1 66  0 98 
13 34  9  1 14 40  0 74  4 43  5 73  6 96 11 80  1 87  7 78  8 88 12 90 10 49  3 85  2  3 
 1 88 14 98 13 82  8 46 10 79  4 69  0 95 12 41  5 39  2 12 11  1  6 71  9 27  7 77  3 99 
14 50  5  1  4 21  3 72 10 46  7 20  1 62 11 33 13 79  6 56  9 67 12 23  2 56  8 44  0 56 
14 15  1 15 13 16  6 79 12  8  4 73  5 86  2 52  9 79  0 62  3 93  7 86 11 44  8 80 10 18 
 9 79 11 63 14 94 10  9 13 86  7 89  8 12  2 66  1 55  0 70 12 35  5 14  4  3  6 54  3 62 
 3 42  7 39 11 42  8  9  4 37  9 25  1 78 12 76 10 16  6 38  0 30 14 80  5 34  2 92 13 29 
14 96 13 25  5 49  0 67  9 53  8 20  2 52  3 29  1 51 11 35  6 38 10 18  4 43  7 46 12 98 
 3 73  2 68  0  3 11 98  1 68  4  8  5 15 13 88  7 72 12 20  9 89 10 59  8 68  6 63 14 41 
14 30  9 43 11 80 13 64  1 14  5  6  3 36  4 88  0 71 12 51  6 63  2 32  8 16 10 63  7  7 
14 18 12 90  2 55  5 25  4 72  1 92 13 88  0 69  8 89 10 83  7 58 11 35  3 79  6 43  9 86 
 4 50 13 64  3 88  1 57 11 25  8 73  9 18  7  4  0 69  2 40  6 28 10 37  5 42 12 82 14 83 
11  2  9 41  1 13  8 75 12 31 14 66  2 72 10 66  7 96  0 45 13 29  6 49  3 96  5 50  4 38 
 1 80  4 90  5 36  6 50 11 76  3 15  9 31 10 89  8 87  2 55  7 49 13 23 14 19 12 38  0 93 
13 75  2 45  4 75 12 72  7 65  3  6  8 16  0 24 11 24 14 44  9  4  6 22  1 99  5 10 10 85 
