20 15
 2 76 11 17  0 58 13 26  1 90  8 77  9 63  6 87  4 74  7 35 12 60  3 90 14 64  5 68 10 28 
 5  5  8 79  9 71  3 42  1 71 13 20 11 86  0 88 14 47  7 62  4 37 12 87 10 47  6 97  2 24 
 5  2  2 67  8 28 14 98 13 66  1 42  6 46  9 23 12 94  4 25 11 89  0  3  7 38  3 76 10 76 
 8 96 10 79  4 19  0 36  3 87 11  6 13  9  6 18  1 32  5 37  2 55  9  3 12 15 14 12  7 45 
 8 71 11 73  1 17  0 41  5 71 13 88  2 43 14 59 10 37 12 22  9 21  3 77  4 66  6 46  7 52 
11 19  3 12 13 87  9 22 14 41  1 29  0  6  7  4  4 79  5 78 10 21 12 27  6 16  2 54  8 60 
13 96  3 39 11 82 10 15  5 22 12 29  0 64  4 92 14 68  6 60  7 37  8 10  9 47  2 68  1 74 
 5 28  8  3  6 71  7 59  2 94  3 60 10 98  4 77  1  9 14 57 11 21  9 74 13 19  0 74 12 19 
12  7  8 38  9 63  7 69  3 13  6 56 11 53 13 58 10  2  0 93  2 90  5  6  1 66  4 76 14 60 
 5 85 14 46 11 75  4 34 10 33  8 94  9 50  2 20 13  4 12 28  7 60  1 74  0 90  3 51  6 67 
10 88  9 11  1 35 12 87  2 14  7 85  3 12  4 21  0 23  5 37  6 12  8 88 13 98 14 33 11 76 
 9 30  7 89  5 91  6  3  0 97 14 71  1 73  3 16  8 15 11 98  2 71 12 19 10 65 13 89  4  2 
 2 61 13 86 12 71  3 76  9 88  1 32  5 31 10 50 11 25  6 84  0 79  7 34  8 59 14 75  4 78 
 3  9  0 59  9 93 13 69  8 38  2 65  6 96  1 67 10 74 12 41  7 61 14 68  4 11  5 24 11 25 
 6 86  5 77  0 21 13 50  8 72 14 68  2 91  7 72 12 65  4 52 10 45  3  5  1 71  9 68 11 25 
 6 37  8 27  0 23  7 26  4  2  1 36 11 20 10 65 13 61 14 27 12 35  2 50  9 45  3 80  5 19 
13  5  2 57  1 70  8 95  3 46 12 36  6 88 14 42 11 49  9 23  5 63  7 77  4 47 10 88  0  7 
13 29  7 64  5 23 11 42  4 33  6 65 10 92 14 80  2 49  9  3  0 83  3 20  8 63 12 78  1 85 
 9 67  2 47 10 48 11 57  7 84  1 63 14 48  3 70  6 85  8 93  5  1  4 63 12 87  0 29 13 90 
13 80  4 14 11 41 12 73  7 22  0 93  5  6  1 81  8 19 14 62  9 62  2 85  3 25 10 70  6 10 
