20 20
 3 94  2 61 19 12 11 68 10 40 13 84 16 30 15 16  1 34  0 92 12 53 17 55 18 61  9 67  5 30  7 88 14 12  4 20  8 16  6 51 
14 22 12 75  4 29 17 87  7 47  2 48 10 21 15 46  8 77  9 35  3 10  6 92 16  9 13 75 11 40  1 89  0 86  5 33 19  2 18  1 
18 32 17  8  0 99 13 14  7 41  1 53 11 97 19 19  5 39  3 20  2 91 16 54 15 97  4 79  8 21 14 22  9 93 12 67 10 17  6 84 
17 13 10 43  8 97 12 41  5  4 16 35 14  6 11 93  6 32  1 35  9  2  4 54 19 77  0  9 18 97 15 10  3 45  2 81 13 76  7 37 
 8 26 12 70  1 33 10 58 13 38 15 77  5 86 17 53  9 47  7 20 18 71  3 69  4 95  0  4  2 23 14 89 19 87 11 20 16 67  6 65 
 6 86  0 73  9 93 16 26 14 98 18 37 17 67 10 87  2 33 13  6 11 68  7 16 19 12  1  5  8 33  3 87  4 96 15 46 12 87  5 89 
12  3  1 34  6  2 14 96 11 67 15 37  3 30 10 50  9 84 19 27  5 37 17 89  2 92  4 68  8 20 18 80  7 76  0 74 13 11 16 38 
 5 60 12 97 19 42  1 73  8 28 13 69 18 90  9 44 10 27  2 54 17 24  3 36 15 82  6 13 16 33  7 80  0 44  4 99 11 80 14 82 
 2 79  8 62  3 31 10 27 16 72 15 12  0  4 17  4  7 11 13 35  5 83 14 57 12 19  9 80 19 20  6 16 18 96 11 24  4 64  1 93 
17 61  2 86  7 46 19 58 11  2 16 19 13 46 10 50 15 79  1 84  5 14  6 16  8 76  9 89  3 85 12 86 18 60 14 44  0 28  4 63 
 7 10 12 44  8 26 11 61 16 92 15 30  4 19  3 27 14 22  9 86 19 22  2 62 13 75 17 10  6 78  1  3 10 97 18 88  5 10  0 46 
 4 21 17 51 11  3 16 94 15 82 18 26 14 83 19 57  6 86  7 61  5 80 10 81 13 25  0  5  3 75  9 38  2 16  8 20  1 50 12 52 
 8 17 16 86 12  6  2 49  5 74 15 82 10 86 17 26  7 80 13 46  4 94  1  7  0 27  3 26 19 97  9 14 18 27 14  3 11 12  6 82 
 1 46  8 21 18  1 11 99 17 83  9 22 10  2 16 42 19 61  5 79 12 17  4 67  3 61  6 72  7 49  2 91 14 38  0 28 13 34 15 14 
13 50  7 49  4 40  0 63 19  5  2 80 14 70  3  3 11 62 17 43 16 58 10 39  1 52  9 68 12 71  6 86 15 61  8 53  5  1 18 97 
15 53  0 51 18 25 16 16  8 91  4 93  5 37 14 61  7 41 17 49  1 20  3 24 10 58 19  8  6 72  2 30 13 15 12 86  9 31 11 40 
 3 72 11 77  2 34  9 45 15 83  1 85 10 19  7  5 19 77  5 75  8 61 13 89 17 77  6 44  0 32 16 86 14 40 12 23 18 35  4 57 
17 33  6 16 11 60  5 70 16 67  4 37 12 42  9 24 18 75  0  1 10 22 14 32  7 21  3  3 15 69  1 77  8 53 19 64  2 34 13 15 
 5 58  6 55  8 68 12  5  2 20  9 88 16 91 13 79 18 55  1 16  7 53 17 84  0  1 15 66 19 14  3 83 11  1  4 96 14 54 10 30 
 3 80 15 81 10  9  4 49 18 32  1 19 16 92  9 65 12 88  7 64 11  4  0 68  2 79 19 21 13 84 14 92 17 66  5 51  6 83  8 96 
