20 20
 7 33  4  8  0 81 10 68 17 28 18 91 16 91 15 74  3  7 11  7  5 19  6 50  9 65 19 53 12  9  8 90 14 69 13 50  2 58  1 13 
 3 69 19 10 17 58 14 10 11 91  1  5  2 37  7  9 16 93 13 94  9 46  5 55  8 99  0 28 18 95 10 94  6  4  4 51 15 59 12 10 
15 79  0 70  4 35  8 82  2 35 14 84 18 34 12 87  7 91  5 69  6 12 16 31 17 94 11 65 10 13 13 16 19 39  9 46  1  4  3 74 
17 50  7 40 12 81  9 47  0 96 13 67  1 94 14 53  2 22 16 17 10 23 18 24  8 66  4 15  6 56 15 84 19 79  5 25  3 13 11 72 
19  7  6 81  5 62 15 50 13 91  4 77  2 32 18 10  3 78 16 78 11 21 14 78  1 21 17 10  8 88  9 23  7 92 10 34 12 88  0 48 
14 66  0 71  5 55 18 25 11 43  2 24 12 87  7 59  6 90 13 63  4 90 19 22 15  6  1 50  3  9 10 18 16 19 17 52  9 83  8 66 
 8 66 14 39 18 10  7 80  6 55  3 38  1 29 11 41 17 63 10 32 15 91 19 27  4 72  2 71 16 61 13 35  9 17  0 26  5 42 12 64 
17 11 18 33 13 84 15 12  5 18  8 57 19 43 16 24  0 77  2 85  7 62  3 49  1  5  9 46 11 93 14 85  6 92 10 30  4 64 12 77 
11 38  0 30  9 31 18 25  1 90 19 79 16  3 12 52  6 87 10 30  7 87 14  4 15 57  8 43  4 55 13 21 17 30  5  1  2 72  3 75 
 0  9  8 49 18 91  4 39 13 40 14 59  1 20  7 27 19 67 15 22 16  2 10 47  3 91  6 11 11 70  5 97 12 78 17 69  9 17  2 40 
16 57  6 32  3 67  8 26 10 23  1 55 19 14 17 77  0 77 13 82  2 34  4  1  5 64 12 90  9 37 15 47  7 27 18 54 11  3 14 94 
 4 25  7 33 16 12 10 27  9 32  0 49 18 35  1  5 19 73  8  3 14 28  2 54 13 45 11 32  6 53  5 99 12 85 15 86  3 13 17 99 
12 64 13 77  2 82 18 32  9 75  8 32  0 68 10 16  7 63  3 81 15 31 17 58  6 73 16 12 14 25  5 64  4 98 11 72  1 47 19 84 
17 17 18 98  5 99  8 39  2 73  4 82  9  1 15 43  7 48 10 62  3 44 12 50 13 44 16 72 14 89  1 45  0 44  6 21 11 79 19 60 
12 87  7 63 10  8  2 20 18 88  4 88 19 77 14 88 13 46  3 30  6 44  1 42  5 84 16 41 15 74  8 52  9 25  0 87 11 43 17 77 
 0 39  3 93 15 44  1 23 16 75 13  7 14 60  7 45 18 71 10 49  5  3 11 68  6 56 19 20  2 35 17  8  8 79  9 21 12 48  4 43 
 3 75 15 92  1 83  4 48  2  7 11 99 13 43 17 94 18  6 14 34 16 48  0 60  6 33  8 16 12 34  5 99  9 83 19 11  7 80 10 43 
 2 97 17 80 10  2  1 37 19 31 12 37  6 58  8 11 15 24 14 84  5 10  9 30  3 97 18 89 11 47 13 37  0 73  4 11 16 90  7 54 
11  1  3 97 19 68  1  8 15  7 14 72  8 38  6 50  4 42 16 32  0 54  5 94 13 31 10 52 17 76  2 20 18 29 12 56  7 36  9 16 
 2 29 17 31  9 49 10 91  3  7  5 37  1 86  0 75 16 21 14 46 15 47 12  1 11 16  8 29 18 47  4 81 13 52 19 44  6 95  7 79 
