20 20
 1 30 18 80  4 34 15 92 16 29 19 96  0 25 10 49  5 67 14 53 13 20  7 52  8 29  6 51  2 35 11 38  3 18  9 43 12 46 17 98 
 4 73  2 68  3  3 14 98  1 68  0  8 13 15 17 88 18 72 16 20  5 89 10 59  9 68 15 63 19 41 11 30  8 43  6 80  7 64 12 14 
 1  6 16 36  8 88 18 71 13 51 14 63  6 32  0 16  9 63 15  7 19 18  3 90 12 55  5 25  4 72 11 92 10 88  7 69  2 89 17 83 
19 58  3 35  4 79  9 43  1 86  2 50 18 64  8 88  6 57 16 25 13 73 14 18 12  4  5 69  7 40 11 28 15 37 10 42 17 82  0 83 
15  2 12 41  1 13 10 75  0 31 19 66 11 72 13 66  2 96 14 45 17 29  6 49 16 96  3 50  7 38  4 80  8 90  9 36 18 50  5 76 
 3 15  7 31  9 89  0 87  5 55  6 49 14 23 16 19  4 38  2 93 19 75 12 45 13 75 18 72  1 65 11  6 17 16 10 24  8 24 15 44 
17  4  3 22 11 99  9 10  4 85 13 79 16  2  8 54  0 80 18  2  1 58 19 33 10 92  5 93  6 94 15 34 14 36 12 48  7 54  2 12 
17 19 13  2 16  7  4 60 11 36  7 11 12 97  6 57  8 71 10 60  2 20 18 68  0 53  9 54 15 59  1 16  3 60  5 68 14 65 19 42 
 0 57 11 16  1 92 18 99  2 82 13 91  9 12  7 19  8 59 15 43 16 20 12 84 14 24 10 80  6 60 17 82  3 62  5 32  4 29 19 20 
 9 76  3 78  6 78 12 42  0  3 13 30  2  7  1 82 17 62 16 13 18 84 19 22  4 78 11 80 14 58  7 53 15  6  5 85  8 23 10 99 
12 83 10  9 16 72  9 88 18 84  7 87  8 78  0 65  6 23  3  7 15 35  1 94  5 33  4 10 17  6 14 85 13 88 19 18 11 94  2 92 
 6 28 18 33  8 93  4 11  7 25 17 67  0 44 14 28 11 69 19 67  3  9 10 82  9 43 16 53 12 48  5 39  1 52 13 75  2 81 15 44 
17 24  4 44 16 58 12 73 19 30  1 25  2 21 18 14 11  6  3 41 10 19  6 21  5 36  7 72  9 96  0 32  8  5 13 46 15 61 14 82 
14 91 11 42  1 97  9 65 12 78  7 40 10 93 19 64  2  8 17 56 13 10 16 93  8 28 15 77  5 87  3 26 18 33  0 17  6  2  4 35 
 4 15 10 45 19 96 18 11 16 95 11 39  5 22 15 73  1 79  7 64  2 79 14 88 13 65  3 24 17 38  0 17 12  3  6 73  9 59  8 92 
 2  3  3 28  7 17 18 71 14 91  6 17 12 69  0 69  9 51 13 40  4 93 16 82 10 47  5 42 19 59 11  7 17 43 15 83  8 45  1 83 
 3 67  2  9 15 37  9 62 18 82 11 69  7 34 17 39 16 15  8 84 19 32 13 72  0 68  6 95  4 70 10 80 14 78  1 80  5 30 12 44 
 4 13 10 96  8 26  1  4 12 89 18 98 17 83 15  8 11 70 19 68  3 37 14 20 13 35  7 99  2 27  9 12  5 73  6 92  0 98 16 75 
13 75 15  1  5 35 14 73  3 35 18  6 17 38 10 34  2 70 19 51  6 16 12 78 11 58 16  9  7 97  0 55  4 38  1 65  9  1  8  8 
 3 27 13 36 18 50  8 21 11 32  9  6 17 34 12 84 16 50  0 39  2  4 14 94 19 49  7 20 10 98  1 64 15 41  4 29  6  4  5 90 
