20 20
 9 14  6 62  2 32 14 81 18 65 13 53  0 31  1 98 10 34 19 27 17 60 16 43 11 30 15 24  7 61  8 40 12  7  4 15  5 50  3 10 
10 12  5 42 17 69 19 12  4 84 11 24  9 87 12 69  0 45  7 37  8 38 15 72  1 54  6 66 13 45 14  4  2 61  3 20 16 49 18 17 
 6 60  8 45 19 34 10 74 14 65  5 75  4 92 17 69  2 40 11 26 15 69  0 30  7 18  3 88  1 49 13 68  9 25 12  1 16 95 18 25 
11 77  4 61 17 42 15 65  8 99 13 81  9 84  6 33 16  8 19 21  0 26  7 58  1 91 10  7 18 95  3 91  2 91  5 14 12 46 14 49 
11 62 19 88 16  2  0 12  8 68  5 99  2 46 10 35 18 87 13 53  9 60  3 54 12 99 15 59  7 10  4 34  1 67 17 31  6 52 14 53 
11 21  9 92 16 33  7  8  6  9 15 51  1 44 19  1 10 69 18 83  8 17 17 86  2 51 14 95  4 40 12 32 13 84  3 54  0  3  5 31 
 3 46 12 87  2 45  7 62 16 10 14 19 15  3  9 69 19 51 18 56  1 20  5 51  0 41 10 12 11  6  8 45 13 17  6  2 17 93  4 39 
18 10 12 82  0 44  9 22  3  9  7 55 16 29  8  3  4  3 17 77 11 78 10 43  5  9  2 84 14  1 15 11  6 59 19 97  1 23 13 83 
 0  3 17 89  8 34 12  4  6 94 15 10 13 90  1 16  9 18  5 55 11 69  2 39 18 99  3 77  7 65  4 55 16 27 10 84 19 94 14  2 
11 85 18 98  5  6  6 74  0 24 10 54  2 85  1  7 15 60 14 49  3 92 12 59  4 26 19 97 16 87  8 28 13 81  7 46 17  4  9 82 
13 49  7 99  6 92 17 55 15 38 10 23  2 97 19 42 12 94 11 95  1 93 16 31  8 91 14  3  3 30  0 28  5 56  4 21  9 51 18 22 
 6 51 19 65 12 71 13 81  5 56 10 45  9 41 18 26 14 52 16 88  7 97 11  3  0 32  2 16  3  1 15 13  4  8 17 50  1 66  8  5 
 6 93  9 78 10 90 14 25 12 83  5 40 11 83  7 67  2 59 17 90 19 91  4 50 15 22  0  9  1 12 13 28 16 28  3 40 18 43  8 29 
11 65 19 30  5 14  7 33 10 50  9 91 15 19  4 50  2 86 14 83  6 13 12 49  0 30 13 43 16 46 17 67  1  6 18 77  3 87  8 64 
 9 92 19 96  5 76 10 42  4 39 11 17  0 46  6 61  2 17  3 29  7 69 13 58  1 69 18 98  8 60 15 97 16 76 14 41 17 55 12 32 
 7 37  4 38  6 77  2  4  3 72 18 31  0 32  5 98  1 44  8 65 13 16 17 84 11 60 14 88 19 20 16 60 12 92 15 91 10 72  9 58 
15 15 12 37  5 51  2  9  8 15  7 14 14 73  9 93  4 79  3 63 13 21  6 68 16  9 17 51 19 25  1 57 11 41 10 51 18 80  0 20 
19 50 13 50  9 19  5 81  6  1  4  6  8 15  3 30 15 19 10 36  2 64 12 76  0 40  1 32 18 77 16 62 14 52 11  7  7 97 17 40 
 7 29 17 35  5  7 12 59  4  1 14 65 13 92  2 39 18 56  9 93  1 29 11 54  0 41  6 54 16  7 10 85 15 74  8 79 19 72  3 79 
 8 31 14  9 11 76 18 54 15 44 16 39 19 48 13 17 17  4  1 13  9 87  5 24  6 68  0 84  3 82  4  1 10  4  2 60  7 56 12 58 
