20 20
 7 86 13 43 17 61  6 99  8  7 11 70  4 21  3  2 12 88 18 38  9 65  2 81  0 38  1 51 10 81 16 37 15 72 14 94  5 44 19 99 
 7 80 17 66 16 90 10 83  0 89 15  7 12 55  1 17  2 13  9 45 18 28  5 73  3 44  6 65 19 50 14 84  4 70 11 71  8 32 13 91 
11 90 17 43 19 37  0 71  2 64  4 88  8 27 14 30 10 34  3 99  5 10 12 44 18 99 15 94  1 96 16 98  6 44  7  7  9 33 13 59 
 2 34  7 52 17  5 12  4  1 84 16 54 13  3  6 97 19 39  3  9 18  9 11 91  5 60  0  4  4 63 14  3  8 35 10 79 15 66  9 97 
 3 52  5 51 12 72  0 24 10 96 17 54 16 51  2 61  7 92  8 81  9 74 18 49 19 24  4 59 13  4 11 21  1 78  6  2 15  3 14 49 
 9 42 13 47  6 10  0 27  7 38 18 92 12 88 17 16 19  3 10 56  3 80  4 10 16 26  1 78 15 69  8 91  2 82 11 77 14 73  5 96 
 7 19  3 38  5 83 17 50 14 31 19 87  8 67  9 99 13 69 11 77  1  4 12 31 16 96  0 77  2 80 18 68 15 74  4 86 10 30  6 54 
15 25 16 47 12 10  5 16  4 83  9 62 18  3  3 38  8 87 19 19 17 98  6  2 13 58 11 30  0 22  7 55 14 80 10 69  1 77  2 40 
 2 17  5 98  6 25 19 41  4 62 18 28  1 52  0  5  8 25  9 37  7 93 12 63 13 23 14 58 17 92 15 70 16 90  3 29 10 26 11 69 
19 41  0 65 17 34 14  4  7 73 11 79  8 58  6 14 12 97  4 71 10 97  2 95 16 58 13 12  3 17  9 66  1 78 15 68 18 69  5 53 
10 27  4 83 14 20  9 12 19 86  6 34 18 36  0 28 13 63 12 37 16 23  5 50  7 90  8  5 17 17  3 80  1 35  2  4 15 41 11 81 
 4 85 18 92 12 90 15 95  3 19  8 59 19 94  9 75  5 75  6 47 16  9 14  6 10 43  0 30  2 88  1 19 17 10 13 76 11 58  7 29 
 4 23  5 87  6 50  7 76 11 26 10 28  0 36 17 35  2  4  9 32 14 22 13 74  1 52 16 13  8 14 19 61 15 47 12 87  3 73 18 64 
 5 80  0 43 17 45 14 92  8 68 12 66  2 60  9 37 18 60  6 51 19 41  3 61 13 98  7 59  4 95 15 38 11 67  1 12 10 95 16 22 
10 57  1 96 15 11  5 25  8 69  4 59  9 45 13 52 14 85  2 26 17 91  6 57  3 30 16 32 19 58 11 40  7 11 18 19  0 19 12 82 
 1 81  5 83  2 77 16 45 11 63 17 95 14 25  8 48  9 27 18 56  4 54 12 82 15 32 19 99  7 41  0  1 13  2  6 61 10 23  3 26 
 1 47 18  9  2 90 14 28  5 68  8 23 10 66  6 46 19 75  4 96 13 68  9 60 16 46  7 35 11  9 12 89 15 96  0 42  3  2 17 86 
11 90  3 52 14 10  7 25  1 59 13 55 18 30  9 33 19 18 12 80  8 73 15 41  4  9  6 64 16 79 17 31  2 79 10 44  0 14  5 73 
10 59  2 57 17 67  7 47  8 13 18 35 13 72  6 74  5 56 16 85  0 52 15 25  1 92  3 92 12 81 11 76  9 91 14 93 19 36  4 88 
 8 28 16 89  0  3  2 75 11 31 10 87 19 66 17 67  7 34 14 19  3 30  4 91 13 53 15 81  6 13  5 15  1 59  9 17 12 85 18 11 
