20 20
18 84 15  9  6 34  8 62 14 11 12 60 19 43 11 52  7 77  4 37  9 15 16 43 10  8 13  5  3 36  5 56  2 46  0 51  1 86 17 86 
18 61 13 56  8 60  3 78  1 73 19 12 14  8 16 16  0 12  2 63  9 31 10 62 11 97  4 53  5  1 12  3  6 99  7 65 15 63 17 32 
10 86  7 53  4 59 17 12 14 34  0 27  8  2  1 86 16 85  5 21  3 58 13 70  2 55 15 77  6 15 18 20 19 32 12 42 11 17  9 38 
 2  3 19 13  5 67 16 13 11 63 15 88 13 68  4 21  0 21  8 86 17  7  6 91 18  8 10 56  9 92  3 58  1 94  7 54 12 57 14 87 
12 29 15 74  2 89  3 18 11 38  7 75 10 18 17 15  9 95 16 11  0 24 13  4  4 12 14 17  1 34 19 35  8 62  6 90  5 48 18 21 
 6 11 12 14 13 90  8 74 14 67  0 91  5 70 11  8  7  7  2 49 19 13  3 78  1 75 18 80  4 31 15 22 10 99 16 66  9 80 17 66 
11 97 15 63 17 11  7 71 18  1  9 63 12 70  4 33 16 74  1 76  2 86 10 87  8  9  5 18  0 51  3 27 14 48  6 31 13 45 19 76 
18 19 17 64  0 94  7  4  4 81 12  5  1 72 10 30  2  2 15 16 13 38 14 93 19 15  5 17  6 61  3 71  9 18  8 22 11 17 16 20 
15 61 11 66 12 62  7 70  1 59  0 80 14 82  9  2 18 97  8 76 13 72  5 90 16 74  3 95 19 41  4  9 10 46  6 20 17 78  2 32 
 7 61 18 90  4 37 19 86 12 15  9 19 13 62  5 82  2 86 15 59 10 92 14 89  0 82 16 48  1 13  6 29  8 28 17 45 11 84  3 62 
17  7 13 86 18 79 14 67 19 85  1 68  6 94 11 61 12 47  4 49 15 50  0 55 16  3  3 18 10 79  8 32  2 43  9 97  7 53  5 44 
10 20 14 50 12 72  9 90  2 25  0 24 19 43  5  4  4 26 13 62  7 42 11 77  3  9 15 61 18 19 16 69  1  9  6 60 17  5  8 54 
 7 45 19 73  1 50 10 58 11 94 14 90  8 97  9 42  4 36  5 72 12 84 15 33 17 44 13 59  3 47  6 40  2 81 18 85  0 26 16 28 
17 67 11 46 13  9  1 40  2 81  4 97  7  7  0  2 10 69  8  9  3 17 19 81 14 81  6 46  9 26  5 30 18 88 16 73 12 44 15 99 
11 16  3 62  5  3 19 30 10 16  1 40 17 62  7 96  6 75 13 69  2 86 18 90  0 93 15 15 12 30  8 46 14 50 16 29  9  9  4 97 
12  5  8 73 16 54  0 81 18 26 13 36  7 35 19 56  4 62  9 31 17  2  5 23 11 60 14 12 10 88  3 38  6 95 15 65  1 86  2 64 
 9  3  5 99 19 81  7 93 11 82 12 17 16  1 14  1 13 32  0 36  8 30  4 62 10 90 18 20  1 98  6  3  3 66 17 75 15 79  2 67 
19 52  4 76  6 79  1 63 14 52  2 23  0 35 18 22  7 58 10 13  3 26 12 68 15 84  9 16 13 28  5 28  8 54 17 76 16 86 11 47 
19 74  3 34 15 68  4 37  7 26 12 48 13 29 16 24 18 60 14 98 17 54  5 97  8 19  0 99  2 62 11 46  6 25 10 53  9 11  1  4 
11 15 17 92 13 41  4 63  3 87 15 67 18 77 12 89  0 65 10 17  5 24 19 67  9 10  2 87  7 91 14 58  6 52  8 26  1 33 16  3 
