30 15
 3  4 11 27 14 90  5 76  8 76  6 16 13 38  0 72  1 80  2 94  9 97 10  5  7 44 12  9  4 23 
 0 47  3 48  4 69  8 84  9 25 10 34  5  8  1 32 12 62  7 90 13  2 14 92  2 55  6 25 11 37 
12 87 10 54  5 76  8 80  7 17 14  1 11 26  2 36  1 12  6 56 13 71  4  6  9 42  3 89  0 96 
 5 25  0 11  9 69  1 38  8 98 14 50 10 98  7 50 11 19 13 76  3  6  4 95 12 19  2 37  6 34 
12 10  6 32  3 94 11 22  2 55  8 58 14  6  5 78  0 36  9 56 13 16  4 22  7 59  1 41 10 63 
 6 12  7 59 14 95 13 93  0 93  2  7  8 95  4 10 11 23  9 48  3 84 12 64 10 14  5 90  1 69 
 8 43 12  1  9 27  7 30 11 25  5  3  6 94 14 77  4  6 13 42  0 17  1 76 10 29  2 63  3 59 
12 14  7 59 10 27  1 59  5 56  4  6  9 48 13 43  2 27  0 27  3 43  6 32 11 11  8  5 14 25 
 8 14  7 47 13 21 12 32 10 29  6 40  1 63  3 25  4 49  2  4  0 67 14 27  5  9  9 75 11 15 
 8 70  7 97  6 52  3 22 14 87  1 87  0 36  2 86 12  2 11 93 10  1  5 16  4 70  9 99 13 43 
 2  5  8 28 13 77 11 23  1 63  5 69 12 35  3 22  6 90 10 46  7 67  4 63  0 63 14 24  9 79 
 1 69  6 25  8 65  4 29  7 51  5 88 13 70  0 25 14 58 11 20 10 24  3 38 12 34  2 71  9 66 
14  4 13  4  9 34  8 21  7 60 12 55  1 70  4 68 10 80  6 56  2 29  3 97  0 84  5 66 11 50 
 9 88  2 81  6 50  1 38  0 52  3  7 12 33 14 46  8 59  7 38  4 14  5 66 11 72 13 80 10 97 
11 35 10 88  8 98  3 78  5 86  7 13  2 94 14 25 13 50  6 76  9 89  0 41  4 53  1 10 12 99 
 0 42 13 16  8 44  6 40  3 35 10 71  7 52 11 35  2 98 14 73  5 92  9 44  1 35  4 79 12 17 
 9 46  5 55  1 74 12 80 11 89  2 61 14 34  7 75  4 39  8 47  3 70  6 84 13 26 10 44  0 82 
13 77 12 40  4 43  2 76  8 69 11 42 14 25 10 34  1  8  3 77  6 57  5 56  7 80  0 12  9 89 
12 96 14 53 10  3  5 49  2 76  7 37 11 50 13 73  8 98  6 44  3 89  9  2  1  1  0 99  4 89 
 7  7 12 91  0 32 10 44 13  2  8 66  6 62  5 22  9 23  1 92 14 70  3 31 11 10  4 94  2 89 
 6 46 12 15  7 23 11 70 13 57 14 67  3 58  9 92 10 66  4 55  1 13  8 33  2 64  5 36  0 21 
 9 39  2 35  3 90  1 67 10 70 11 94  5 48  8 76  6 93 14 46  0 34 13 58  7 74 12 49  4 80 
 0 99 14 10  1 90 12 60  5  5  8 17 11 24 10 83 13 37  6 59  9 17  2 99  4 42  3 72  7 36 
 8 94 10 69 13 47  5 96  7 30  9 29  6 22  0 26 11 99 12 13  1 59 14 66  4 89  3  1  2 24 
 3 91 10 21  9 42  0 79  5  8  2  9 12 66  4  1 14 59  8 36  6 54 11 52  7 87  1 82 13 33 
10 31  7 93 12 68  3 72  0 22  8 85  6 40 14 76  5 48 11 83  9 89  4 83  2 43  1 69 13 67 
 0 64 13 59  2 63 12 54  5 21 11 79  6 35  8 95  4  7  9 67  3 15  7 89 10 54  1 98 14 26 
14 14  3 93  0 87  7 15  8 40  9 20 12 61 10  8  4  8 11 57 13 14  5 90  1 16  2 36  6 59 
13  2  1 87  5  8  6  2  2 12 14 35  8  6  7 73  9 82 10 37  3 19 11 81  4 19 12 12  0 60 
10  4  7  9  1  7 14 59  8 29  5 39  2 55 13 18  0 70  4 14  9 47 12 75 11 78  3 99  6  9 
