30 15
 2 96 13 86  9 75  1  3  4 97  0 88 14 88 12 66  6 16 11 63  5 73  7  3  3 63  8 91 10 33 
 3 21 11 33 14 38  1 94  5 79  0 36  8 50 10 83  2  4  4 83  6  7  9 26 12 87 13 15  7 90 
 2 88  8 37  6 94  5 65  4 24  7 86  0 96 14 94 11 81  1  2 10 93 12  5  3 23 13 45  9 11 
 6 62  0 61  8 37  7  1  4 10  9 21  2 88 14 24 12 61 10 42 11 54  1 92  3  4  5 38 13  9 
12 52  3 87  5 37  0 27 10 76 11 69 13 76  6 74  7 86  4 46  8 84  2 48  1 16 14 91  9 28 
11 35  1 53  3 46  0 99  5 17  8 78  7 84 10 88  4 60  2 53  6 27  9 33 12 88 14 75 13 13 
10 79  1 72 11 25  5 52  9 24  4 98 13  4  3 99  7 17  0 52  8 85  6 48 14 85 12 99  2 72 
12 77  1 80  4 44  5 73 13 46  9 60  2 25 14 67  7 18  3 17 11  4  8 73  6 32 10 67  0  6 
10 51 14 26 11 29  9 57  4 54  0 16  3 41  2  2  6 15  8 88  5 47 13 10  7  2  1 75 12 16 
14 27  2  1  3 88  1 44  5 17  9 20 10 50  4 40 11 40  0 65  8 10  7 50  6 11 13 36 12 81 
 7  6  6 36 12 67  1 73  2 30 11 97  3 62 14 11  4 80 13 25  5 60  0 42  8 42  9 40 10 55 
14 59  3 86 13 89  0  8  7  4 12 16  6 67  1 43 11 74 10 97  2  3  8 12  9 55  4  3  5 29 
 3 22 11 88 13 39  8 91  2 25  1 23 10 38 14 14  4 72  9 87 12 78  5 42  6  3  0 31  7 83 
 8 74  0 69 13 59  1 74  6 61 14 83 10 82  4 43  5 42 11 43  2 20  9 51  7  7 12  5  3  7 
 5 75 12 71  4 45  6 92 14  9  8 48  3 20  7 28 13 25  9 14  1 61 10 39  2 65 11 28  0 49 
 2 94  5 12 12 33 11 35  1 57  4 33  7 22 14 47  0 87  9 47  8 61  6 42  3 84 13 12 10 58 
10 71  3 35  1 70  4 67  7 86  5 42  2 72  0 52 14 73 12 44  8 96  6 42 13 96  9  3 11 94 
 2 70  6 30 13 48  4 57  3 66  8 95  7 95  5 17 14 64 10 70  9  6 12 99  1 63 11 33  0 27 
 2 80  0 93  6 15 11 86  5 33 12 65  7 44 14 22 13 86  4 93  3 92  1 88 10 65  8 39  9 14 
 6 91  5 42  2 14  3 17  0 50  7 16 10  2  1 36 14 47  4 11  8 34 13 29  9 71 11 78 12 55 
 5 76 13 67  2 35 14 93 11 13  0 58  6 24  4 10  1  6  9 49  7 40 10 61 12 72  3 97  8 17 
12 89  6 86  0 45 14 59  9 16 10 52  5 39  4 83  7 11  3 56  8 30 13 60 11 80  1 43  2  4 
 1 49  5 44 10  3  4 73 12 49  3 63  0 20  7 68  8 40 14 37  9 17 13 66 11 92  2 82  6  5 
13 69  3 57  8 34  2 67 14 73  6 60 10 93  7  1  9 43  1 67  4 85  0 80  5 80 11 81 12 98 
 8 55  1 27  3 50 12 96  0 42  2 76  4 33  6 82 14 82  9 87 13 93 11 42  5 20  7 97 10 15 
 2  8  0 79  7 24  5 19 11 73  8 82 13 47  1 90 14 97  9 93  4 69 10 47  6 68 12 44  3 54 
 7 52  6 11  9 98 11 44 10 14 13 38 12 57  0 50  5 40  1 89  4  2  3 73  8 19  2 40 14 96 
 7  5  0 52 14 45 10 17  3 94  2 44 11  9  5 18 12 37  1 84  6 28  4 78  8 28 13 68  9 64 
10 23 14 63  5 57  1 57  6 22  4 71 13 69  8 15  2 19 11 88  0 25  9 83 12 62  3 54  7 68 
13 47  1 96  2 11  0 99  6 28 12  8 10 50  7 18  9 97  5 10  3 54 11 50  4 67  8 16 14 79 
