30 20
 3 86 17  5 14 21 10 67  5 87 12 90 18 21  8 87 15 82  4 68  1 25  7 10  9 58  6 65 16 20  0 34 13 12  2 35 11 63 19 41 
 8 91  7 80 12 38 14 79  1 66  4  6 17 21 19 89  9 50 15 93  0 52  3 33  2 82  6 51 11 90 16 55 10 99  5 75 18 22 13 58 
18 59 14 22  1 10 11  1  0 75  6  1 12 35  4 15 15 39  5 28 13 29 17  8  9 65 16 45  8  5  2 90 19 18  3 11  7 39 10 70 
15 20  1 39  4  2 11 32  3 44  2 85 17 30 10 68 14 67 13 57 16 14  7 75 18 71  0 41 12 36  5 33  8 72  9 32  6 92 19 17 
 5 82 10 71 15 55 13 28 16 73 19 12 18 18  2 41  4 78  7 71  8 26 17 97 11 23  9 65 14 54  6 88  3 94  0 28 12 22  1 95 
 9  5 16 29  1 73  5 69  6 51 11 70 13 24 14 89  2 21  0 89  4 83 17 14 15 61 19 12 10 97 18 57  8 61  3 61  7 19 12  3 
 2 43  6  4  7 32 14  4  4 96 12 34 15 21 16  2 13 33  5 77  1 62 10 39  0 89 17 90  9 90 18 42  3 16 19 73  8 75 11 57 
 8 78 14 63 13 26 16 48 10  9  7 26  2 55 19 93  0 15  6 85  5 39 12 87  4 66 11 54  1 68  3 30 18  7 17 52  9  2 15 31 
 3 55  0 87 14 10  4  5 15 48  6 78  8 87  5  8 17 70  9 69 13 57 16 85  1 58  2 74 12 92 10 77 18 54 19 43  7 28 11  6 
 1 42 19 71  0 68  7 77  2 19  6 12 10 59  4 74 17 71  5 22 12  7 13 53 14 99 15 71 18 88 16 91  3 22  8 46  9 80 11 55 
 9 77  0 17  1 79 13  1  3 72 16 88 14 42  2 83  5 84 12  8  7 40  8 91 19 66  4 85 18 43 10 51 11 94  6 23 15 84 17 15 
 1  6 14 41  4  5 11 87  2 46  7 75  3 49 12  6 16  1  9 50 13 88 17 65 18 10  0 88 10 46 15 33  5 47  8 72  6 48 19 12 
 0 56  9 75 10 53  4 34  2 73  3 83  7 72 12 15 11 28 17 52 14 49 15 15 13 81  6 88  8 11 19 52 18 48  1 88 16 18  5 46 
17 68 11 36  5 34  3 11 14 63  7 31  1 30 15 59 10 85 12 60 13 78 16 82  2  6 18 88 19 43  0 66  9 93  8 82  4 39  6 16 
 3 58 19 48  4 97 10 67  2  3  1 85 11 36 15 24  0  2  5 37 14 72 17  2  8 25 13 74 12 46  6 43  7 62  9 27 18 77 16 82 
 9  5  0 93  6 79 14 40  3  4 11 82  8 73 10 71  2 61 13 65 15 74 19  2  4 57 18 78 17 12 12  1  1 83  5 10  7 85 16 48 
17 75 12 63 18 16  6 15 14 42 16 34 13 27  2  3  9 83 19  7  7 12  3 63  8 94 11 20  0 35  4 75  1 52  5 25 15 98 10 83 
 3 39 15 65  0 21  2 34  4 66  6 27  9 81 10 33 14 29 16 95 11  1  5 64 17 82 13 61 18 74 19 51  8 48  1 99 12 23  7 57 
 0 88  6 93 17 11  4 90  1 27  2 63 18 20 12 51 11 36 16 76 10 26 15 10  3 71 13 74  8 35 14 48 19 12  7 36  9 24  5 10 
 6 93 19 56  3 28 13 57 18 21  4 59  7 48  1  6  9 16 16 90  8  6 17 49 10 32 14 82  2  3 15  4 11 31 12 25  5  8  0 28 
 8 68 18 11  7 99 14  3  0 78 11  1  4 39  9 65 13 19  5 16  3 11 12 26 17 10 16 54  2  2 15 69 19 91  6 39 10  1  1 91 
15 10  0 24  8 55  9 71 13 99  5 85  3 58 16 18 10 11 17 90  1  7  7 88 14 75  4 97 18 75  2 11 12  8  6  6 19 45 11 78 
14 68 17 57 19 15  5 36 16 27  6 26  4 66 10 38 15 97 18 55 12 73 13 23  8 68  2 19  7 89  9 46  1 34  0 39 11 23  3 60 
19 28 13 20  2 44 17 81  9 62  1 66  4 44  0 52  3 40 11 89 10 92  8 27 18  6 14 75 16  6 12 96 15 50  7 73  5 60  6 31 
 6 90 14 55 15 41  7 20  4 51 16 44 11 67  0  6  1 82 10  5 17 10 19 63 13 80 18 39  3 22 12 48  8 24  5 66  2 46  9 91 
 8 41  6  4  4 34  7 68 15 58 10 71 18 57  3 81 13 62 19 84 14 57  5 23  0 31  2 59 11 18 16 74 17 60 12 38  9 70  1 49 
 4 53  0  6  5 79  8 84  9  3 18 41 14 28 15 61 10 43 12 36 13 68  7  8 11 35  3 73 16 81  2 93  6  1  1 94 19 96 17 73 
18 92  7 94  3 54  9 17 14 11  6 41  0 55 15 15  8 87 19 81 11 62 12 78 13 28  5  8 10 77  4 82  1  1 16 68  2 84 17 58 
 3 82 15 31 11 12  9 78 16 83  5 33 12 39 19 78 13 33  0 11 17 91  2 54  8 26  1 90  6 71 14 12 18 28  4 57  7 99 10 49 
 7 37 18 17 16  3 10 57  4 71  3 82 11  9  0 29 17 17 14 99  2 96  5 97  9 10  6 26 19 36 15 32 13 14 12 35  8 34  1  8 
