30 20
19 49 12 91 14  1 10 37 15 32  7 69 11 56 17 65  1 45  5 66  8 17  0 72 18 38  2 64  3 20  4 68  9 71 13 51  6 17 16 26 
10 59  5 43 11 90  8 51 16 96  6 62 19 35 15  6  0 54 13 81  1  3 17 80  3 94  7 39 18 37  4 21  2 52 14 51  9 36 12 89 
15 57 19 90 10 34  5 37  6 60  7 51  3 27  9 29  1 53 16 20 17 45 11 16 14  2 12 24  4 34 18 18  2  2  8 75 13 78  0 46 
13 33  9 15 14 68 18 19  1 43 11  7 19  2  2 19  3 15  4 58 10 80  5 48 12 49 17 82  6 63  8 26 16  4  0 38 15 62  7 41 
 3 82  2 63 10 72  8 47  1 56  4 89  5 71 15 91 12 75 11 93 13 59  7 58  0 20 16 84 17 63  9 50  6 48 19 85 14 39 18 45 
19 56 11 32  6 34  9 30  7 40 18 67 13 30 14 49 15 17  0 17 16 15  8 58 12 47  3 15 10 21  1 74  5 85 17  7  2 41  4 79 
15  5 10 76  5 48  9 58 19 23  0 44  8 63 18 56 12 59 13 72  6 34  4 82 17 86 14 43  7 70  2 41  1 97 16 57  3 38 11 24 
19 59  5 34 14 66  3 20  4 13 12 88 15 95 13  6  6 68 18 41  7 51  9 20 11 80  1  1 16 43 10  6 17 37  0 34  2 72  8 62 
12 55  5 59 19 53 10 74  8 77 11 72  0 76 17 95  4 66  6  2 13 26  9 53 16 41  3 28  2 26 14 69  7 74 15 60  1 79 18  5 
 9 63 15 94 12 86  5 97  3 94 13 82 19 88  8 25 16 10  4 72 18 39 17 49  7  5  2 38  6 85  0 42 10 89  1 22 14 34 11 18 
 1 62 19 65 18 25 10 74  6 48  2 73 15 92 14 69  7  2 17 17 11 79 13 81  5 55 12 37 16 79  4 95  0 94  9 31  3 16  8 44 
11 53 19 14  2 77 17 92 14 32  7 47 15 93  4 41  5  6  0 71  1 69  8 70  3 96 10 11 13 39 16 10 12 15  6 39  9 98 18 29 
 6 25  5 80  3 38 11 44 13 78 14 39  9 29 12 40  8  5  0 47 19 61  1 47  2 63 18 80  4 46  7 76 15 15 17 54 10 21 16 25 
 2 53  6 99  4 44 12 54 17 89 16 75  0 26 10 58  7 30  3 17  5  3 18 17  1 14  8  1  9 60 19 49 15 76 11 83 14  9 13 32 
 9 22  5 10  1 94  7 54 11 91  0 99  8 91 12  8  2 39 19 59 10  3  6 55  4 29 15 37 13  6 18 64 14 81 16 84  3 29 17 95 
14 72 11 67  5 29 10 57  4  9  3 40  1 78 13 99  7 53 15 66  2 85 17 31  0 42 19 83 18 46  8 27  9 47  6 60 16 67 12 47 
 2 45 12 44  5 83 13  8 17 60  4  2 14 10  7  3  6 29 11  9 19 37  0 29 16 22 10 97 15  6  3 41  9 81 18 74  1 62  8 95 
 5 92  4 37  2 32 15 28 10 29  3 62 14 93  7 30 19 92  0 45 11 35 17 77  8 46 12 47 16 46  9 81  1 43 13 43  6 30 18 18 
 4 49  9 86 13 20  5 90  8  4  6 44  7 72 17 22  0 90 12  1  1 30  3 71 16 77 15 62 19 48 10 25  2 89 11  6 18 95 14 44 
14 62  3 63 16 92 10 16  6 20  2 69  5 65  0 81 13 21 12 54  9 97  7 79  8 37 19 97 18 93  1 55 17 70 15 60 11 36  4 57 
17 76 13 54 16 76 15 36  5 93  4 67  3 35 11 37  0 44  7 88 10  3  2 22 12 73 14 65  1 26  8  3 19 99 18 78  9 38  6 30 
 2 77  9 82 17 66  4 75  7 95  5 72  0 76 18 52 19 72 13  4 11 70  1 76  8 61 15 88 16 39 12 36 10 88  6 69 14 58  3 14 
12 65  4  8 18 90  1 57 19 73  5  2 14 62  8 48  0 76 10 87 15 53  6 23 17 76  2 74 11 99 16 34  3 71 13 27  9 87  7 46 
13 76  6 54 11 75  5 69 17 44 16 26 19 63 10 75  0 78  4 78  3 39  1  7  9 73 18 27  2 55 14 23  7 55  8 29 15 56 12 36 
14 17  9 42 13 56 11 84  2 44  5 74  6 62 17 55  8 55  4 31 12 71  0 11 15 16  1 29 18 50 19 72  3 64  7 42 16 28 10 70 
 9 76 18 56  6 78  8  2  1  6  4 71 16 19  7 69 12 30 10 87 13 57 17 33  5 87  2 68  0 24 11 31 19 56 15  5 14 19  3 82 
 2 64 19 36 15 19  8 90 14 65  3 80  4 26  1  2  6 52 11 72 17 17 12 29 13 60  5 16  9  6 16 91 18 79  7 43 10 99  0 26 
19 82  1 80 17 60  6 93 13 54  2 24 12 87  8 63  0 59  9 85 11 13  3 32 10 93  4 33 15 15  7 48 16 72 18 23  5 97 14 76 
17 61 14  6  6 87  5 74 18 67 16 44 13 63  0 12 19 81  9 61  2 26  7 23 10 76  8 93  4 97  1 75 12 76 15 46  3 66 11 54 
19 77  7  6  8 62  0 22  4 81  3 44 18 28  9 97  5 16  2  7 12 34 11  3 13 93 17 12 15 35  6 88 14  9 10 93  1 87 16 51 
