30 20
 6 59  5 77 15 73  8 46 13 99  2  7 10 11 17 75 11 27  0 22  9 33  1 70 19  9  4 17 16 33  3 17 12 40  7 75 18 15 14 80 
 2 16 13 25 11  8  4 41 18 48 12 88 16 38 17 61 19 27 14 78  5 84  3  7  1 16  7 90  9 66  6 41 15  3  0 47  8 33 10 57 
18 87 16 14 14 49 13 90  0 87  7 29  1 47 19 68  3 12 12 68 15 66  6 58  5 67  2 89  8 32  9 89  4  2 10 63 17 70 11 77 
 9 10 10 74  5 56 14 88 18 77  2 79  8 69 11 42 12 12  3 76  4 78  1 74  6  1 19 16 13 34  7 60  0 66 16 71 15 77 17 84 
 8 95  3 24  7 86  9 61  5 67  1  4 17 27  4  8 14 13 15 12 13 43 12 64 16  6 10 50 11 36  0 46 19 71  6 81  2 42 18  4 
 6 82  8 99  9 34  2  4 13 89 14 84  1 77  3 51 15 12 19 72  4 37  0  4 18 18 10 91 12 99 17 16  5  6 16  4 11 77  7 97 
16 37  7 44 12 81  2 72 13 13  6 66  5 52  8 68  3  4 18 14  9 31 15 91 17 71 11 86 14  4  0 55 19  7 10  8  1 89  4 80 
 9 34  5 32  2 55  8 66 10 18 13 76  4 32  1 28 11  7 17 75 19 77  3 24 14 91 16  4  0 72  7 84 15 50 18 45 12 25  6  6 
16  6  4 97 15 68  1 22 11 82  8 74  3 12  6 80  9 79 17 15  0 48 18 91 10 51  2 19 12 74 13 48 19 68  5 43 14 13  7 31 
 3 82 14 19 15 80 17 13  8 35 10 98  6 68 19 12  0  1 18 15  9 58  1 94 16 54  5 74  4  9 13 50 11 82 12 68  7 23  2 76 
 2 79 15 20  4 74 16 43  7 88  8 99  1 46  6 75 18 67 19 81 10 94 14  6  5 60  3 93 17 88 13 39  0 32 11 88 12 80  9 30 
13 74 11 53  5 31  9  1 17 19  6 18  7 38 16 79  0 46  8 74 15 82 10 84 18 27  1 46  2 11 19 37  4 97  3 88 14 25 12 51 
16 59  7 59 13 55 12 20  2 92 19  1 10 31 14 61 15 87 17 10  5 40  1 35  4 15 11 86  0 20 18 43  3 39  9  9  6 38  8 28 
 2 26  0  2 19 81  8 64 18  9 10 47 17 28  3 78 13 64  6 77 14 16 16 69 12 50  7 81  4 31  1 87 11 42 15 23  5 46  9 45 
 5 61  1  7 14 75  9 72  8 83  3  8 11 63 10 27  0 81  7 76 13 57 12  7  2 88 16 62 19  5 17 32  4 25 15 53 18 43  6 75 
17 12 16 48  4 71  0 54 15 49  5 47  3 37 14 72 12 39  2 77 10 94 18 82  8 49  6 42  1 87 19  2 11 10 13 58  9 81  7 41 
10 84  4 36  3 98  1 10 17 22  0 53  5 51  8 95  7 62 12 82 19 48 13 10 15 29  9 68 14 60  2  5 16 41 11 15  6 84 18 45 
 3  9 16 40 15 20  5 39 13 83 11 28 19 94 12 68  8 19  6 25 18 13  7 63 17 69 10 17  0 74  1 95 14 91  2 89  4 16  9 35 
14 69  0 80 11 20  5 99  4 23 12  8 18 43  8 34 10 35 13 83 16 41  7  5  6 86  1 16  3 29  9 92 15 44 17 54  2 21 19 81 
 7 82  4 97 11  5  2 36 15 40 14 58  5  8 19 59 16 78  1 18  9 32 13 34  3 66  8 25 10 10 12 36  0 88  6 50 17 82 18 35 
 8 74  6 42 10 86 15 22  5 39  3 45 18 26  1 63 17 65  9 70 19 33  4 39 16 74 13 75  0  8  7 26 11 25 14 13  2 72 12 98 
10 25 17 46  6 61  8 74  7 40 19 25  2 42  0  5  3  2  5 65  4  1  1 77 14 13 16 42  9 31 18 45 12  7 11 20 15 95 13 75 
 7 50  0 78 14 72  9 53  1 67  6 46 11 95 10 29  2  3 17 31 15  8  5 26 19 60  8 52 18 35 12 57  4 57 13 91 16 91  3 35 
18 26 15 80 16 71 10 64 12 57  6 43  2 72  1 99 17 87  5 81 13 15  4 23  7 73  8  7  9 70 19 98 11 66  3 47  0 10 14 73 
 0 20  6 55 12 87  4 10  8 16  1 59  5 91 17 82 15 53  2 67  7 60  9 34 11 78 13 66 16 98  3 39 10 14 18 65 14 52 19 54 
18  3  9 26  6  8  4 42 11 70 19 17  8 56 10 31  3 29  0 88 13 60 15 81 12 23  2 23 16 43  5 29 17 74  7 29  1 30 14 63 
 5 67 10 66  1 88 14 78 11 79 18 37 16  6  7 35  9 61 13  3 17 67 15 51  2 64 12 69  6 65  3 90  8 95  4 11  0 28 19 50 
 5 54  6 52  8 16  3 39 15 56 19 51  4 49  2 70 16 59 14 66 13 57 10 74  1 86  7 83 18 82  9 65  0 40 11 89 12 53 17  3 
18 68  8 44  1 62 14 25  4 69  6 48 15 68 10 70  7 61 13 51 17 74  5 24 11 54 16 69  3 69 12 33  2 61  0 18  9 36 19 78 
 6  7 13 26  5 79  8 65  2 16 18  3 17 71 19 62 14 42 10 44  7 73 15 79  0  9  9 61 11 63  4 12  1 47  3 67 16 34 12  5 
