50 15
 1 17 12 55  2 62  6 74 10 38  0 44 11 29  9 47  4 94  7 38  5 64 13 75 14 60  3 78  8 10 
 7 18  1 59  0 87 11 40  4 53  9 38 10 44  2 38  5  7  6  9 13 96 12 67  8 58  3 28 14 64 
 9 42  3 11  5 93 10 72  8 58  6 49 12 46  4 21  7 93  0 51 13 13 14 72 11 78  2 43  1 55 
10 93  7 47  3 82 12 64  8 38  0 24  5 17  6  7 11 49  1  4 14 69  9 39  2 25  4 85 13 52 
11 48  0 80  9 48  3  3  7  7 13 69  8 53  6 46  5  1  1 52  2 37 12 25 14 84 10 85  4 14 
 2 49  4 42 14 62  7 86  1 14  8 25  0 62  6 63  5 86 10  7 13 83  3 84  9 54 12 23 11 16 
 4 56  3 79  7 97 10 34  9  3  8 83  2 39 13 44 14 43 11 98  1 99  6  2  5 47  0 97 12  8 
13 61 14 84  2 96 12 64  5 58  8 64 10 14  4 40  0 94  3 13  7 24 11 64  1 63  9 58  6 74 
14 93  6  4  1 28  3 43  0 92  7 55  4 87  9 19 10 23  8 23 12 99  2 89 11 42 13 71  5 96 
 4 56  3 31  7 72  6 88  0  6  8 50 10 66  1 93 11 26 12 17 13 62  9  4  5 13 14 46  2 35 
 1  7  3 81 14 97  8 52  2 93  5 28  9 74  6 17 12 48  0 45  7 51 10 65 11 74  4  2 13 10 
12 85  2 85  4 93  6 35 11 51  9  6  3 91  7 99  8  9  5 38 10  3 14 15  1 39 13 55  0 35 
 6 14 14 28  2 49 11 53  0 94  3  7 12 14  5 29  1 30  8 47 13 50  9 54  7 25 10 90  4 84 
 5 16 11 43  4 82  0  2  9 86 10 70 14 49 12 26  3 63  7 34  1 86  8  1  2 26 13  8  6 11 
 8 90  3 19 14 54 12 27  9 38 10 57  4 68  5 70 13 76  7 30  2 55 11 98  1  9  6 57  0 81 
11 24  4 95 13 91  0 57 14 71  5 71  9 84 10 49 12 94  6 74  3 18  2 22  8 33  1 73  7 81 
14 86  0  5  5 94  4  1 10 68  1 50  8 53  9 14 12 82 11 80  3 42 13  1  7 72  6 48  2 64 
14 19 13 45  1 50  9 14  8  3 12 82  6  4 10 55  0 94 11 76  7 64  4 69  3 32  2 20  5 48 
10 53  0 33 12 90  4 13  7 73  1 48  6 52  5 57  3 71  2 13  9 55  8 95 11 49 13 32 14  8 
 2 72  8  1 10  8  0 63 11  7 14  5  6 30  1 71  4 74  7 79 13 36 12 71  5 31  3 79  9 43 
 3 93 14 96 11 93  7 88  0  4  9 12 12 34 13 11  4 17  8 20  1 74 10 70  5 13  6 52  2 83 
 9 87  8 39  7 84  1 69  0 65  3 19  6 82 14 48  2 87  4 87  5  1 10 58 13 90 11 22 12 81 
10 57 14 17  6 58  9 27 13 48  5 38  7 77  0 92 12 11 11 21  8 70  2 69  3 47  1 91  4 70 
12 92  2 17  0  6  5 58 13 47  9 90  6 33 14 25  1 22  8 97  3 40  7 63  4 95 10 17 11 20 
 4 87  1 80 14  3  7 97  6 53  2 38 10 28  0 31 11 47  5  4 13 46  3 11  8 70 12 54  9 44 
 0 82 14 50 11 60  4 15  6 66  1 55 10 25  8 44  3 94 13 73  9 78 12 96  7 22  2 18  5  4 
 4 91  3 10  0 87 10 65  6 12  9 73  5 17 14  6  7 85  1 29 12 54  2 72 11 43 13 48  8 29 
 7 48  9 41  2 44  4 99 14 14 10  9  8 21  1 70  3 87 13 66 11 37  0 82  5 29 12 56  6 10 
 6 28 10 64 11 87 14 51  9 52  0 85  1 85  2 59  7 44  8 80  5 51  3 11 12 63  4 68 13 85 
 8 32 12 38 14 90  7 18 11  9  0 33 10 43 13 59  2 52  6 91  3 57  9 38  5 15  4 18  1 79 
 9 14  5 31 12 96  7 95 14 83  1 68  0  7  6 91  3 49  4 32  2 93  8 88 13 11 10  2 11  2 
 4 22  5 39 10 25  1 25  0 84  2 49  8 68  9 18 14 20 12  7  6 93 13 93 11 64  3 56  7 61 
 9 96  7 13  0 58 10 20 13  5 14 26  8 26 12  6  1 20  2  4  4 60  6 37 11  2  3 45  5 52 
 1 49  8 36  0 25 12 28  5 46 11 23  2 35  4  8  7 67 14 45  9 46  6 13 10  4  3 16 13  6 
14 12  8 84  5 62  9 79  6 98  0 44 13 25  3 25  2 29 12 17  7 12  4 39  1 58 11 25 10 57 
 5  3 12 43  8  4 14 87  0 64  1 36 10 80  3 22  9 20  4 59  7 26  2 45 13 39  6 99 11 72 
 4 39  0 48 11 55 14 75  5 64  1 22  6 43  7 91  9  7 12 66  8 22  3 43 10 59  2 38 13 80 
 7 50  2 75 10 50 14 68  6 33  3 99  8 32  0 46  1 10 13 81  4 93 12 29  5 13 11 98  9 13 
 8 60  6 14  5 54  2 11  7 98  3  4  0 56 13 17 14 18  9 28  1 85 10 57 12 82 11 99  4  4 
 2 79 11 91 14 23  0 21  6 91  7 52 13 48  5  1 12 23  8 88 10  6  1 73  4 12  9  1  3  3 
 9 36 12 40  7 39  8 14 11 80 14 24  5 49 10 27 13 89  1  4  2 68  0 77  4 98  6 14  3 74 
12 61 10 48  0 56 13  8  4 76  8 25  3 43  1 67  7 10  9 92  6 67 14 33 11 51  2 45  5 98 
14 45  7 38  8 79  4 35  6 24 13  1  5 51  9 88  3 94  0 91  1 48  2  2 12 49 10  8 11 86 
14 44  6  6  3 31 11 49  1 11  2 44 10 98  5 81  8 42  9 98 12 77  7  9  4 55 13 29  0  9 
12 47  3 87  0 50 11 40  4 85  2 86  7 18  1 48  6 91 10 94  8 98  5 86 13 56 14 75  9 46 
 2 44  7 53  0 99  4 95  5 32 10 33 13 68  1 22 11 49  3 96  9  8 12 87  8 78 14  6  6 62 
 6 86  3 97  0 16  8 33 10 47  9 93  4 11  7 82  2  7 13 18 14 29 11 17  1 56 12 80  5 82 
 8 17  2  9  5 17 10 65  6 88  7 37  0 53 11 40  1 35  9 24  4 71 14 52  3 30 13 81 12  2 
 5 65 11 90  3 38 12 97  7 96  6 14  2 85  0 73 13 95  9 87 14 10  1 18  4 17 10  4  8 58 
 3 69 11 64  5 77  6  3  1 75  2 99 10 74  8 56 13 29 14 96 12 83  9 64  4 19  0 18  7 38 
