50 15
11 23 14 58  9 60  1 43  5 17 13 68  6 42  8 53 10 18  7 42  4 96 12 19  0 50  2 62  3 97 
12 29 11 62 10 56  4 33  6 72 14 80  2 64  0 80  5  4  3 40  1 88 13 78  9 95  8 30  7 21 
 4 34  0 60 13 78 14 55  7 41  9  3 12 99 11 32 10 86  2 26  6 89  1  4  5 49  3 42  8 78 
 4 87 12  3 14 27  3 69  8  8  9 28  0 40  6 73  1  2  7 71 11 50 13 95  2 14 10 65  5 63 
10 46  4 40  5 43 14 48  9 28 12 15  6 59 13 58  0 34  3 57  8 29  2 45 11 44  1 27  7 60 
 8 67  0 31 12  8  1 21  7 18  4 46  5 64  3 27  2 37 14 95 10 75  9 19 13 38  6 91 11 24 
 9 33  4 46 13 59  2 71 14 19 10 76 12 61  6 32  1 29 11 26  5 31  8 27  7 71  0 45  3 42 
 9 65  4 27 12 62 11 74  6  2  7 73  0 40  2 36 10 98  3  6 14 49 13 69  1 50  8 58  5 52 
 8 94 12 72  3 48  5 23  7 97 14 87  1 73 11 25 10  4  4 40  0 60  9 11  6 13 13 66  2 30 
 8 69 11 54  9 14 13 61  3 12 12 75  5 25  7 41 10 96  2 23  1 26 14 68  6 92  4 75  0 13 
 4 56  9 43  2 10 10 67 12 99  6 50  8 87  0  4 13 28  5 28 11  4 14 56  7 55  1 83  3 59 
10 46  6 74  5 12  4 96 12 75  3 16  9 90 13 88 14 12  8 81  2  8  7 28 11 90  1 20  0 40 
 5 36  9 87  0 96 12 22  8 91 10 38 13 92 11 16  3 28  7 46 14 74  6 35  1 15  4 61  2 50 
 4 70  5 52 12  5  2 48  6 58 14 51  0 32  7 59  1 89 11 71 13 59 10 11  8 79  9 31  3  6 
14 94 10 37  8 50  5 88  4 87  9 64  7  8 13 17  3 90  1 14  2 56  6 25 11 42 12 18  0  5 
 8 66 12 61 11 72  7 25 10 32  2 46  3 39  6 92  4 33  1 54  9 58  5 28 13 78 14 61  0 79 
 1 97  4 34  5 47  6 71  9 84 13 78  3 62  7 98  2 64 14 89 11 55  0 93 10 86 12 92  8 94 
12 72  8 40  3 56 10 31  9  9  1 13  7 62  6 62  2 55  4  2  0 29 13 67  5 92 14 31 11 51 
 5 35 12 40  1 32  2 41  3 64  0 91  7  2 13  9  6 48 11 76  4 45  8 12 10 78  9  8 14 89 
12 53  1 93  8 79 11 95  2 19  7 29  6 86 10 64  4  4 13 65 14 80  9 41  5 91  3 38  0 54 
 3 75  9 74  8 38  0 99 11 44  1 58 14 88 10 33  4  7 13 43  5 57  2 43 12  6  7 15  6 22 
11 85  1 45  9  3  4 15  3 50  8 26 12 92  0 62  6  5  7 77 14 96 10 59 13 48  2 12  5 43 
 1 25  7 14  6 34  5 33  9 18 14 89  2 49  4 73  3 89  0 68 13 72 12 99 11 49  8 73 10 62 
 2  9 14 39  9 62 13 78  7 10  8 99  6 54  5 54  4 28  0 22 12 90 11  8  3 52  1 50 10 10 
 9 88  4 90 12 66  1 10  6 76 10 69  8 94  7 57  2 31 11  2 13 59 14 18  3  1  0 69  5 98 
 4 83  1 25  9 37  0 24  8 48  2 55 14 66  3 34  5 37  6 80  7 20 13 77 11 26 12 72 10 31 
 7 22  8 31  6 45  4 12 13 87  1 17  5 62 14 14  2 91 10  7 12 83  0 58  3 87  9 30 11 97 
 5 36 12 68 10 10  9 16  1 69  4 78 13 46 11 31 14 70  2 93  7 96  0 33  3 45  8 81  6 78 
 1 13 13 21  0 14  5 75  4 88  6 14  8 28 11 81 14 16 12 82  9 94 10 55  7 64  3 78  2 23 
 3 92  6 12 10 46  5  2  7  5  8 55  9 76  0  4 14  5  1 44 12 40  2 96 11 62 13 36  4 25 
 4 17  8 86  6 36  9 10  3 94  2 65  0  4  5 40 13  3  7 12  1 74 12 99 10  5 14 68 11 38 
 4 52  0 44 12 72  6 24  1 92  3 88 14  7 11 93  7 12  2 63  5 71  8 88 10 75 13 18  9 38 
 7 37 10 64  1 75 14 40  6 14 11 50  8 20  4 23 12 32  5 18  0 29 13 63  2 91  9 64  3 30 
12 69 13 15  1 39 10 23  7 51  2 64  9 54 14 29  4 91 11 16  5 95  3 15  6 20  0 24  8  6 
 0 10  2 48 10 63  1 82 12 47  4 56  5  8 11 56  9 27  3 82  8 11  7 10  6 67 13 89 14 18 
 0 49 10 11 13 50 12 25  6 35  1 76  8 76  2  1  3 35 14 69  9 19  4  4  7 26  5 47 11 11 
12 10  2 15 10 82  4 50  9 49  6 56  0 62  1 57  7 85 13 26 11 17  8 36  3 84 14  8  5 68 
 3 25  1 19 12 67  5 28  6 88  2 68  8 29 14 63  0  8 11  5  7  5 10 47 13  6  9  2  4 97 
11 29  6 62 14 20  5 56  4 64  3 82  1 20  0 11  7 65 12 66  2 45 13 58  8 84 10 73  9 70 
 3 52  2 66 10  9  9 83  1 22  5 77 13 60  8 28  7 31  4 12  6 87  0 85 11  8 12 88 14 74 
 6 38  2 35  9 29  7 67 13 83  8 57  1 60 11  4 12 13  5 51 10 18  3 87 14 18  4 87  0 37 
 2 60  4 21  7 98 14 77 11 66  8 81  9  8 13 54  0 62  1 41  5 36 12 73 10 50  3  1  6  3 
10 17 12 23  7 44 11 62  0 43 14 50  2 52  1 18  4 27  6 16 13 93  5 97  8 46  3 80  9 90 
 0 94  9 40 11 46  1 18 14 39  4 55  3 52  7 18  2 46  5  5 12 26 10 39  8 49 13 94  6 93 
10 56  0 44 12 91  9 63  5 52  4 54  7 31  2 99  8 42 13  6  1  1  6 94 11 32 14 93  3 97 
 2 35  8 27  6 54  5 67  7 72 11 97  3 79 14 13 10 17  1 56  0 63  4 98  9 15 13 18 12  3 
 2 20  5 47  3 76 13 58  0 42 10 76 12 38 14  7  6  4  7 25  1 61  8  3  9 62  4  8 11 99 
 2 71  5 94 14 24  1 74  7 77 13 90 12 69 10 46  3 63  6 81  9 33  8 70 11 40  4 91  0 22 
12 25  1 60  8 40  3 82 10  1  4 89  5  1 11 13  6 62 14 96  7 10  9 83  2 32 13 55  0 87 
 5 31  2 67 14 58 10 47 11 37  3 52  6 89  1 16  9 36  8 80 12 80  7 87  0 24 13 40  4 94 
