50 15
 5 25  0 10  2 40 14 50 12 45  4 91  7  6 13 40  1 19 10 88 11 87  6 67  9 34  3  1  8 26 
 7 53  2 83  1 52  8 92 12 92  9  8  3 75 11 56 13 40 14  7  0 20  6 84  4 64 10  7  5 23 
 4 99  6 51  5 86 13 53  0 86  7 30 14 87 11  8  9 53 10 39 12 22  3 55  8 64  1 32  2 64 
 9 68 13 19  3 13 11 10 14 64 12 50  6  4  1 28  0 69  4 68 10 37  5 78  2 41  7 51  8 34 
11 23  8 50  1 25  9 37  2 93  5 74  6 47 12 50  7 40 13 82  3 29 10 91  0 79 14 40  4 19 
 9 77  3 19  4 44  7 79 11 79  2 33 13 12  5 12  8 15 12 32  6 64 10 26 14 90  0 49  1 67 
 1 28  2 84  3 95  5 28 13 93 10 67  6 75  0  8  8 56  4 79 12 27 11 18  7 45  9 20 14 44 
 1  2 14 60 10 12 12 35  4 45  8 40  7 24 13 90  6  1  2 21  9 75  3 79  5 91 11 32  0 41 
 6 61 13 30  2 81  4 70 12 82 14 25  3  9  5 29 10 27  9 29 11 68  0 64  1 23  7 51  8 51 
11 87 13 94  0 91 10 14  6 15  9 38  1 86  2 16 14 44  3 63  5 62  8 87  7 77  4 31 12 19 
 9 64 10 80  5 92 12 99  7  1  0 30 14 21  6 76  1 65  2 13 11 36  4  2  8 77 13 13  3 68 
12 28  5 53  1 64 13 24  2 51  8 82  6 99  4 21  7 68 10 41  0 14  3  9 14 91 11 57  9  5 
 4 51  1 93  8 77 10 61  5 22 12 77  6 55 13 96  7 76  3 27  9 12  0 63 14 84  2 46 11 14 
13 51 12 35  2 64  5 79 11 15  7 82  9 58 14 72  6 60  0 99  8 47 10 44  1 19  3 99  4 86 
11 49  7 21 14 37  2 24 12 96  6 32  4 94  0 37  9 28 10 30  1 41 13 66  5 12  3 78  8 82 
14 27  5 63  9 35 11 52  3 71  0 62 12 20  1 16  4 64  6 80 10 57  8 34  7 74 13 13  2 80 
 0 72  9 98  2 50  5 45 13 73  4 82  1  3 14 53  6  4  3 86 10 54 12 76  8 55  7 38 11 53 
11 22  6 30  0 17  5 53 10 50 12 86  2 18 14  1 13 35  1 93  7 90  8  5  9 88  3 11  4 65 
 7 28 10  4  4 11  0 87 12 62 14 59 11 36  9 57  5 34  3  5  2 76 13 83  1 91  8 46  6 64 
 4 67  9 20 12 95 10 52 14 37  3 88  7 66 11 87  2 77  0 38  8 56  1 78  6 55 13 28  5 55 
 3  6 10 19 14 65  5  5  6 68  7 26  1 93  2 46  4 49 13 23 12 83  9 61  8 88 11 68  0 62 
10 52 12 25 13 33  2 14  1 29  0 61  5 17  6 82 11 19  8 37  9 77  3 41  7 47 14 45  4 51 
 5 68  2 23  0 18 13 65  1 89  6 10  4 98  9 61  8 38 11 64 10 91  3 36 14 66  7 32 12 24 
11 86  4 90  6 44 10 60 12 22  8 83  2 94  7 14  9 80 14 46  1 20  0 13 13 39  3 67  5 17 
11  4 14 21  9 59 13 50  2 75  0 41  4 79  1 36  8 54 10 72 12 94  6 46  5 18  7 81  3 45 
14 77  0 97  8 61  1 61 11 93 12 97 13 86  2 15  9 73  4 28  7  1  6 80  3 89 10 52  5 30 
 3 15  1 27 12 35 11 47  4 79  7 26  6 72 10 89  9 35  2 52 13 17  5 92 14  5  8 20  0 49 
12  3 14 93 10 56  0 82  5 58 13 65  1 82 11  5  4  5  3 92  6 30  8 35  2 17  9  4  7 78 
 4 30 10 55 13 85  6 50  0 29 11 77  7 67  9 55 14 45 12  6  8 48  1 46  3  9  2 31  5 41 
 3 23  5 67  2 33  9 27 13 78 11 64 12  5  6 16 10  6  4 44  8 43  0 49 14 12  1 17  7 85 
 1 50  6 56  7 80  5 54 11  8  3 70 12 83  9 18  2 31 10  4 13 90  4 87 14  1  0  5  8 61 
 5 22  4 15 10  4  9 40  0 69  6 98  3 44  1 77  7 23 13 14 12 96 11 90 14 90  8 78  2 71 
11 94 13 30  6 51  5 86  1 69  8 52 14 11  0 29  3 37 12 70  4 34  9 13  7 10 10 61  2 48 
11  7  9 74  2 14  1 65 12 19  0 17  8  4 13  5 10 27  5 93 14 91  6  9  4 69  7 35  3  5 
12 40  8 89  6 73  4 92 14 58 13 68  0 97  9 94  1 77  3 43  7 52  5  8 10 41 11 21  2 56 
 0 71  4 43 12 11  6 65 14 11 10 15  5 46  7 78  3  3 13 27  1 33  2 87  9 97  8 59 11 37 
 6 68 11 96 13 30  5 84  2  2 12 81  0 57  4  7  1 70 10 39  8 62  3 94  7 96  9 38 14 46 
 5 96  6 34 11 71  0 88  2 10 12 99  4 48  8 57  7 31  9 93 13 33 10 84 14 28  3 32  1 72 
 2 96  6 15 13 31  7 93  5 21  0 40  9 99  4 60 14 63 10 95  1 45 12 33  8 83 11 11  3 75 
 7 47  2 71  8 37  9 59  0 72  6 64  4 61  1 52 11 20 14 13 10 11  3 26  5 28 13 91 12 27 
 7 31 11 76 14  4 12 35  4 18 13 50  5 16  8 52  2 85 10 43  3 44  9 21  1 72  6 24  0 12 
 9 71  7 30 12 58  4 71 10 87  1 74  8 33 13 26 14  3  3 75  0 87  2 14 11 33  6 52  5 38 
 8 42 14 39  9  8 10 26  7 26  6  9  4  1 12 83  1 85  2 11 11 81  0 72  3 87  5 41 13 44 
14 73  7 59  9  4  5 25 10 68  6  3  4 72 12 69  2 50 13 62  8 22  0 77  1  1 11  4  3 94 
14 59  8 45 13 39  4 64  9 35  7 42 10 16  0 88 12  9  1 88  5 85  2 54  3 63  6 21 11 76 
 8 66 11 23  1 28  4 12  9 22 14 65  0  9  3 27  5 25 12 75 10 85  7 19  6 41  2 20 13 25 
10 28 11 96 13 37  3 58  9 94  4 40  2 42 12 41  6 20 14 80  5 29  8 12  1 81  7  8  0 28 
14 83 12 17  6 26 10 78  4 95  1 45 13 16 11 53  2 12  5 50  7  6  8 87  3 44  0  5  9 63 
 0 13 14 85  9 49  1 73  4 48 11 44  3 84 13 85  6  1  2 12 10  3  8 39 12 75  7 73  5 45 
11  3  3 15  0 40 13 77  8 43 14 91  2 51  7 17 10 71 12 33  5 83  6 61  9 68  4 14  1 97 
