50 15
10 46  4 43  0 25  6 99  2 90  3 21 12 27  1 17  5 16 11 88  8 64  7  9 14 50 13 55  9 22 
14  9  5 39  2 58  6 16  3 98  7 58  9 81  8 51  0 10  1 31 13 49 10 65 12 48 11 62  4 51 
11 54 14 46  2 96  5 46  7 16 13 17 12 72  0 51  3 33  9 91 10 18  4 84  6 87  1 31  8 51 
 6  3  3 94  4 91  9  2  2 50  0 89 12 78  7  5  5 30 11 10 10 22 13 76  1 50  8 45 14 28 
 1  5 10 53  0 57  9 14  5 90  4  8  7 52 12 76 11 59  3 15 13 39 14 40  6 54  8 57  2 52 
 2 31  0  2  8 56  4 64 12 55  9 96  6  6 14 36 13 29  5 57  3 86  1 69  7 54 10 76 11 89 
 0 39 11  7  2 32 13 74  8 90  4 66 10 76 12 53 14 46  7 27  1 83  6 49  3 72  5 22  9 53 
 3 83  2 18  4 86 10 89  6 93 12 63  5 34 13 97  8 84  9 61 14 32 11 48  0 23  1 81  7 61 
12 32 10 11  1 18  4 54  7 96  9 67  6 73  2 61  3 15 11 67 14 34  5 37 13 65  0 44  8 32 
12 79  5 23 14 51  7 60 10  9  9 54  6 85  4 88  3 83  8 55 11 87  2 93 13 80  0 72  1  5 
10 54  5 54 14 54  3 59  2 49 13 68  7 56  4  9  9 23 12 58 11 88  6 82  8 10  0 87  1 54 
 5 72  0 84 14 29 10 59  9 60  6 98 11 41 12 87  8 27  2 31  1 79 13 69  7 64  3 86  4 77 
 1 71 12 61  3 33  5 55  0 83  8  9 11 87  9 19  2 49  4 68 13  4 14 24  7 41  6 49 10 77 
 8 36 11 23 10 36  6 41  5 56  0 68  4 81  1 49 14 45  7 67 12 89  2 60  3  1 13 58  9 28 
 6 43  7 76  1 42  2 59 10 50 14  3 12 26  8 41  9 66  0 52 13  8  4 33  3 40  5 39 11 50 
 1 65  8 30 10 49  4 14  6 64  7 34 13 35 14 66 12 16  5 45  3 36  0 80  2  5  9  2 11 63 
 1 53  0  7  8 34  3 53 12 43  2 85  6  9  4 64 14 92 11 65 10 15 13  1  7  6  9 95  5 82 
 2 11  7  3 14 33  4 62  9 70 10  6  3  3  5 35  6 57 13 76 12 38 11 28  8 78  1  7  0 17 
 6 40  4 55  1 21 12 11  0 58 14  8  3 38  8 19  2 25  7 55 13 39 10 92 11 30  5 94  9 39 
 8 34  0 18 14 99  3 28  7  2  6 41  1 35 13  6  5 70 11  4 12 95  2 59  9  7  4 88 10 71 
11 39 13 48  7 27 14 27  1 23 12 80  4 35  5 67  3 22  9 85  8 70 10 36  0 43  2 80  6 60 
12 15  4 22  1 93 13 85  6  9  0 38  5 98  8 25  3 64 10 45 11 96 14 36  7 37  2 46  9 89 
 2 23  9 20 10 46  7 91 11 45  4 67  8  6  0 69  5 82  3 76  6  5 12 71 13 82 14 70  1 72 
 5 36  9 93  3 23  1 13  2 80 12 44  0 95  7 81 14 44  4 44 10 85 11 58  6 62 13 18  8 94 
 5 60 12 68  4 84 11 35  9 92 14 62  8 94  1 89  3  1  2 48 10 36  0 35  7 28  6 37 13 41 
14 62 10 35  2 62  3 15  0  8  9 18 11 21 12 28  7 72  6 65  1 82  5 16 13 40  8 93  4 41 
14 12  2 14  9 53  1 20  7 99  5 30  8 48  3  9  4 51 12 12  0 60  6 51 11 80 13 81 10  9 
 8 61 14 62 11 33  7 61  6 73  9  3 12  1 10 19  0 80  4 40  1 16  5 23  3  7 13 82  2  4 
 2 12 12 76  4 95 13 63 14 52  6 60  9 86  3 67  5 26  1 25  0 85  8 12  7 86 11 92 10 73 
13 57  3 56  1 47  6 98 10 55 11  3  9 29 14 33  0 24  7 92  5 51 12 66  4 38  2 19  8 59 
 3 12  1 54 11 73  6 33 12 23  7 75 10 69 14 93  5 64 13 46  8 44  0 81  2  1  4 78  9 98 
 0 22  2 95  4 28 13  8  5 59 10 63  3 87 11 84  7 22  1 43 14 85  9 99 12  9  6 11  8 79 
 9  2 10 20 12 49  5 32  6 49 14 17  2 71  0 79  7 25  3 78  4 33  1 20 13 84 11 60  8 67 
 4 12  8 45  0 81 11 29  2 41  9 87  7 57 12 68  1 79 10 97  3 16  5 61 13 63 14 25  6 51 
 2 41 14 33  1 80 11 76  0 74  6  3  4 55  3 32 10 20  5 77 12 60  7 62  9 70  8 68 13 91 
 2 96  6 13  9 73  4 16  1  6  0 23 14 88  7 72  3 37  8 33 13 98 10 14  5 81 12 84 11 95 
 7 84  3 47  8 17 13 38  9 11 10 33 11 49  4  9  5 51  1 26 14 99  2 18  6 41 12 28  0  7 
 9  1  7 14  3 34  6 49  4 11  8 78  1  8 11  8 14 68 13 38 12 72  5 70  0 32  2 81 10 86 
 2 93 10 34  0  6  5 99  1  4  3 29 14 24  4 84 12 53 13 17  8 50  7 53  6 24 11 59  9 62 
 4 67 14 75 13 89  0 82  5 39  2 82 10 35  7 58  9 63  1  4 11 64 12  8  3 30  8 53  6 74 
14 44  3 17  1 26 13 73  5 34  6 38  8 45  4 71  0 16  9 96  2 86 10 30 12 46  7 26 11  7 
 1 45  9 16  5 96 12 68  7 48  0 30 11 79  3 90 14 84  6 48 10 79  2 14  4 42  8 82 13 26 
 2  1 10 62  1 45 11  3  6  7 13 15 12 22  7 71  3 19  8 87  5 55 14 12  9 50  4 10  0 36 
 7 71 12  3 14 61 11 34  9 60  1 72  5 34 13 33  3 69  8 36  4 88  6  1  2  3 10 98  0 90 
 4 84  0 50  2 74  5 16 11 86 13 32 10  2 14 22  6 22  8 73  9 16  7  8  3 64 12 70  1 83 
 9 57  7 22  6 43 10  2 13 10  1 37  8 46  5 89 11 31 14 27 12 47  0 85  3 86  4 81  2 38 
 7 39  5 14  9 64 14 87  4 34  2 33  1 37  0 78 12 84 13 27  6 46 10 93  8 75 11 70  3  9 
11 25  1 84  0 15  4 59  9 85  2 53  3 29 10 70  5 50  6 93 13 23 14 98 12  2  8 17  7 87 
 7 11  8  7  4 70 14 19  5 13  2 23 10 94  0  2 12 55  6 93 13 77  9 92 11 39  1 33  3 75 
11 29  6 60  9 27 13 57  7 79  2 67  0 66  3 22 12 27  4 20 14  5  5 43 10 79  1  9  8 85 
