50 20
 8 48 19 40 17 54 15 71  1 52  2 70 10 41  7 76 13 52 18 24  5  5  6 43  3 68  4 10 14 49 11  9 16 81  0 30  9 93 12 17 
12 85 11 18  3 54 16 42  1 41  2 71  9 68  8 82 18 54  4 49  0 21 19  1 17 58 15  1  5 69 10 58 13 40 14 59  6 66  7 29 
 8 33  6 34 15 77 14 42  3 95  7  2 19 71 18 73  1 19 11 25  4 45 12 88 17 19 13 40  0 42  2 17  9 81 10 72 16 70  5 67 
12 51  9 41  5 74 16 97  0 26  2  4 13 25 18 12  6 17 11 76  1  6 19 79  8 49 14 39  7  1  4 27 15 44 10 75  3  1 17 18 
 1 22  3 99 13  7  4  7 18 72  5 24  6 19  9 81  7 23  8 72 15 50  0 95 14 31 10 67 12 67 19 22 16 12 17 28  2 68 11 88 
16 52  3 51  4 44 14 38  1 64  2 11 10 62  9 20  5 54  0 15 18 83 19 79  8 55 17 48 12 38 15 37 13 42  6 81  7 89 11 60 
19 82  4 43 15 57  0  1 12 89 13 11  1 41  7 50 18 68  5  2  9  4  3 65 16 20  8 56 11 46  2 36  6 33 14 56 10 13 17 50 
 9 45 10 11  8 63  4 59 14 69  5 39 15 44  7 61 18 67  6 72 13 74 19 59 17 16  2 26 16 90 11 66  0 56 12 47  3 95  1 39 
 9 92 13  2 15 88  7 90 18 45  2 88 11 90 19 94  1 34  8  1  0 81  4 64  3 70 12 55  6  7 16 33 14 21 17 35 10 62  5 61 
 6 89 11 21 17 61  8 18 16 77  7 20  0 42 14 59  4 79 15 12  2 56 13 14 18 21  1 43  9 89 19 31 10 71  5 92  3 47 12 71 
13 61  4 84  7  3  6 73 15 35 11 36 10 79  9 88  3 54 17 96 16 22  5 70 12 10  1  4  8 76 18 40 14 85  0 84 19 93  2 65 
 3 68 10 72 14 74  0 97  7 63 12 33  9 96 19  4 11 63  5 31 18  1  1 98 13 39 17 65  2 72  6 20  4  7 16 63 15 33  8 26 
 0 41 10 65  2 34 18 71 14 19 12 49 13 87  1 61  3 79  9 61 17 29 15 22 19 74  4 68  5 60  8 23 16 82  6 33  7 94 11 42 
 6 17 11 40  9 40  8 28 15  6 17 62  0 83  4 95 14 44 10 91 12 79  2 39 13 68 18 79  5  1  1 20 16 96 19 62  3 62  7 70 
 1 39  9 89 16 37 17  7 15 84  2 60  5 61 10 73  8 64 14 73  7  3 11 75 13  3  0 48 19 74  3 67  4 39 18 32 12 69  6 25 
11  9 17 83  5 30  1  3 12 31 18 93 10 86  9 49  2 34 15 91 16 56  6 80  7 33  8 77 14 35  4 63  0 72 19 46 13 22  3 73 
 3 21  5 46 13 33 16 54 14 22 11 64 17 20 12 76  7 77 18 97 15 28  8 54  2 81  0 95  9 81 10 72  4 80  6 75 19 18  1 81 
16 52 13 30  8 38 17 70  5 22 10 15 18 66 12 26  1 55  4 34 14 13  9 65  6 87 11 38  3 85  7 89 15 77  2 22  0 67 19 44 
 4 63 14 95 15 18 19 94 17 73 18 51  1 35  9 57  8 38  7 65  6 69  5 60  0 90  3 68 16 32 11 40 10 11 12 75 13 97  2 51 
 9 68 15 37 13 39  4 13 14 76  8 77  3  6  2  6  5 53 18 41  7 72 16 71  6 46 11 24 10 46  0 50 17 12 12 39 19 92  1 54 
18 93  2 95 17  8 16 27 10 53  8 75 12  3 19 42 14  5  1 24  6 73  5 88  0 57  7 20 11 99  3 39  4 74 15 75 13 44  9 24 
 8 83 17 14 11 66 15 96  3 11  6 36 16 20 13  5 12 72  2 38 19 79  9 10 14 27  4 27 18 90  1  8  7 83 10 10  5 61  0 69 
11 22 17 56 10 54 19 50 12 51 18  9 16 15  5 36 15 20  4 79  1 51 13 84  2 40  7 59  0 48  6 27 14 65  9 44  3 40  8 83 
18  5  7 75 15 43  9 17  3 10 19 92 16 22 11 36  5  7 13 71 17 77 10 70 12 10  0 24  1 78 14 77  2 56  4 42  6 16  8 48 
 4 37 17 96  6 81  2 12 18 92  5 86 12 63  7 88  0 28 14 57 11 58 15 23  1  4 19 95 16 80  8 12  3 82  9 53 13  5 10 75 
 6 58  1 59 15 65  2 78 18 68 11 50  7 38 14 97 10 72  4 94  0 59  3 42  9  5 13 19 12 27 19 54 17 69  8  2  5 56 16 51 
15  4  6  7 18 36 17 35  0 80 19 95  1 51 14 59 16 93  9  5 13 61  4  4  5 43  8 30  2 93 12 76 11 42  3 99  7 30 10 46 
 9 88 17 75 10 81  6 40  3 61  0 94 12 78 18 24 16 19  7 44 14 96  4 23 13 90  1 94  8 80 19 97 11 24  5 44  2 54 15 52 
13  5  4 99 17 60 14 87  5 64 11 36  8 78  0 32  9  4 18 18 12 26 16 87  2 74  6 26 15 90  3 45 10 35  1 54 19 27  7 23 
 2 93  4 95 10 11 12 14 17 99  5 86  7 41 11 26 16 50 15 74  3 21  9  6  0 67 18 87 19 46  6 84  1 11 13 89  8 89 14 66 
 9 50  2 71 15 71  7  5 11 60 17 29 14 17  6 29 12 98  3 61 19 87  0 58 10  6  1 60 13 84  8 92 16 23  5 25  4 23 18 57 
17 75  4 60 19 77 15 48  0 87  3 52  6 98  2  8 12 55 13 97  1 55  8 68 16 59  7 90  5 50 10 98 14 57 18 43  9 72 11 35 
13 46  6 22  4 11 12 49  5 34 10 30 11 79  8 72  2 77 18 47  9 55  3 63 14 58  0 89 17 71  1 94 15 95 16 13 19 97  7 46 
15 25  2 98  3 71  7 68 13  8 16 72 12 57 14 39  8 83  4 17  5 90  0 31 17 81 10  6  6 97 18 98  9 82 11 82 19 52  1 82 
15 42  8 77 10 71  1 19 18 80 11 31  0 66 17 90  4 18 12 15  3 76 19 58  5 92  2 34 14 66  9  8 16 65  7 67  6 84 13 42 
 4 41 12 42  3 69 18 81 10 95 19 16 17 45  6 52  2 48  1 35  0 72  5 80  7 81  8  4 11  3 14  4  9 96 16 53 13 14 15 80 
16  6 17  6  9 12 19 86  7 26  1 52  6 70  8 93  3 81 13 31 15 89 12 99 11 99  2 71 14 74  5  7 18 43  4 86  0  1 10 93 
12 44  2 54  0 36 13 40  4 68 16 49  7 45  3 58 18 44 15 65  5 72  9 65  6 53 10 48 11 90  1 98 19 60 14 71 17 27  8 48 
15  9  1 16  2 56 16 27 12 50 19 57  0 55  8 87  9 44  5 47  7 29 11 82 18 80  4 43 10 75  3 10 13 70 14 38  6 28 17  2 
 7 29  0 91 12 85 10 51  1 86 18 34  8 73  5 12 19 14  3 51 11  1 15 38  2 74 16 92 13 60  6 43 17 36  4 23  9 82 14 30 
11 21  2 97 10  4 17 85  7 21  4 55  6 34 19 62 16 78  8 11  9 34  0 17  1  3  5 43 12 38 15 44 13 45 18 17 14  3  3 83 
15 29  8  6  7 45  5 15 19 60 17 29 18 97 14 91  6 13 16  8  3 50  2 46 10 72  9 86 13  7 12 30  0 28 11 13  4 27  1 42 
 4 38  3 10 12 93 19  6  7 72 11 38 15 73  0 88 14 44  9 66 10 79 18 47 13 61  5  6  2 64  6 18  8  2 17  6 16 91  1 37 
 2 21  7 20  4 51 18 96 17 51  1 42  5 52  8 37 13 85  9 18 15 44  3 60 12 68  6  3 11  6 16 20  0 81 19 96 14 30 10  9 
13 16 14 54  1 53  2 57 16 46  0 84 11  1 19 76  6 26  7  7  5 69 10 88 15 29 12 73 17 32  9 51  4  4 18 74  3 75  8 75 
 0 27 16 54  3 90  7 25  2 97 17 68 19 14  4 54 12 29  8 14  5  8  6  1 14 60  9 13 18 16 10 41 13 81  1 35 11 18 15 79 
 6 56 13  7 12 31  9 55  2 85 19 35 14 82 18 63  4 35  5 54 10 52  7 77 15 82  8 94  3 81  1 25  0 24 11 56 16 23 17 79 
 8 33 14 50  7 22 10 70  9 59  6 51  0 80  2 84 16 47 12 88 13 27  5 18 19 34 17 47  4  4 15 41  3 56 11 42 18 26  1 66 
 3 31 10 83  7  9  0 34  1 62 13 83 18 61 17 41  8 58 14 96 16 87 15 18 11 56 19  2  5 95 12 21  4 51  9 13  6 31  2 96 
15 62  5 95 18  8 19  3 17 27  9 19 12 36 14 97  1 87 11 62  2 86  7 21 10 37  0 11  4 11  6 67 16 84  8 34  3 48 13 97 
