50 20
 7 32 15 13 11 32  5 51  9 74 16 73  0 48  8 13  1  6  4 59 14 33 18 18 13 85 10 13  3 57 19 82  6 71  2 32 17 75 12 50 
15  6  0 64  2 34  5 60 12 49 17  3 10 59  4 47 11 15  1 77 18 24  3 78  9 71 14 19 19 65  8 88  6 23 16  2  7 32 13  5 
15 69 11 26  8 30 17 90  3 43  7 17 12 23 13 62  2 17 16  4  4 18 19 70  9 19 14 15  0 17  5 84  1 54 18 17 10 55  6 81 
 6 23 16  7  1 49  7 94 11 75  5 56 14 92  4 58 17 32  2 88 19 39  3 59 18 13 10 14  9 49  0 53 13 18 15 13  8 56 12 35 
13 11  8 59  2 77  0 20 19 60 11 33  9 16 10 13  7 72  1 35 17 36 12 92  6 31 14 92 16 53  4 89 15 70 18 21  5 37  3 12 
 9 69  5 55 14 23 17 81 12 43 11 62  3 17  0 95 13 39 10 29 18 21  1 95  8 62  7 41 16 74 15 75 19  7  6 99  2 58  4  8 
15 11 12 84  4 17  2 87 14 45  5 68 16 10 18 10 11 14  8 86  7 90 10 94 13  9 17 76  0 75 19 62  1 61  6 23  3 96  9 99 
10 88  0 84 18 41  1 81 16  4  7  6  8 72  3 98 13 70  6 27 15  9  9 45 19 51 11 84 14 92 12 41  2 20  4 19  5 62 17 29 
 7 52 14 25  0  6  6 91 12 12  1 79 11 26 19 80  8  6  5 16  3 84 18 33  2 13 10 64 13 61 16 41  4 77  9 31 15 74 17 67 
 0 60  7 95  5 20  8 99 14 30  1 48  4 11 15 55 12  7  2 55  3 17  9 79 10 18  6 59 18 22 11 26 16 35 19  1 13 25 17 40 
 6 21 10 14 14 63  7 63 11 89  0 19 19 84 15 85  4 26  9 78  5 53 16 98  8 23  2 84  1 53  3 47 18  2 13 98 17 58 12 62 
12 17  4 52  1 12 15 60 19 21 16 10 17 18 11 30  6 57  2 65 13 31  8 18 18 95  3 88  0 41  5 92 14 75  7 18 10 87  9 56 
 1 36  5  6 10 93  4 57  9 28  2  9 16 93 19 18  7 38 14 53  3 88 11 99 17 11 12 86 13 75  8 87 15 16 18 29  0  9  6 53 
18 70  2 59  7 33 17  8 14 80 15  8  4 58  3 97 11 96 19 47  9 36  5 29 12  1  6 13  8 17  1 34 16 34 10 34  0 65 13  7 
 5 62 15 33 11 45 14  4 12 20 13 14 18 24  9 84 19 58  2 90 16 95  6 46  4 60  3 11  1 29  0 39  7 24  8 22 17 93 10 58 
16 30 19 49  0 93 12 82 18 67 15 25  1 63  7 99 14  5  9 93 11 72 13 13  5 17  2 73  4  5 17 39  6 20  8 27 10 50  3 67 
10 99 19 22 16 94  7 70  6 69  4 41 15 46  3 88 13 87 11 11  8 55 17 51 18 56  1 32 14 29  2  6  9 97  5 54  0 92 12 84 
 1 92  3 29 17 58 18 91  5 18 11 15 14 22  9 79 16 18 12 95 19 14 13 66  2 47  4 70  0 90  6 60  8 79  7  6 10 60 15 57 
 8  8 11 64 15 97  2 20  3 17 10  2 18 65  6 92  5 29 17 27 12 62 19 49  7 95 16  5  9 93  1 38  0 82  4 41 14 43 13 16 
10 15 18 11  8 33 13 83 15 78 19 32  4 19  9 52  6 86 16 20  0  8  5 22  2 42 17 80  1 61 12 76 11 15  7 86 14 15  3 73 
13 48 12 28  7 37  6 12 15 61 16 89 11 31  2 90  9 92 19 52 18 99 17 51 14 48  5 98  0 99  1 47  4 98  3 17  8 32 10 70 
12 78  2 32  1 66  5 34  3 58 14  6  8 93 17 19 10 97 13 42  9 27 11 22 19 16 18 92  7 41  4 87  6 32  0 49 15  1 16 10 
18 99  5 57 17 77  1 48 12 33 14 59  7 51 10 91  6 75 19 24  4 15  9 16  0 56 16 80 11 42 15 69  3 73  8 86 13 85  2 58 
19 72 15 61  4 26  7 62  8 15  9 44  6  3  0  7 10 78  3 56 18 90 13 84  1 34 17 13 16 95  2 61 11 52 14 76 12 22  5 41 
 5 24 15 16 16 13  9 88 17 92  1 17  7 27 13 23  6 10  0 88 18 88 11 43 12 70  4 74 10 84 19  5 14 36  3 71  8 68  2 69 
17 58  8 70  5 26  0 59 13 19 16 87  2 55  1 12 19 49 18 41 14 87  4 52  3 85 12 39 15 38  7 21 10 49  6 16  9  8 11 85 
12 48 14 40 19 65  2 92  5 11  9 29 17 68  7 70  3 21  0 49 18 42  1 67 13 40 16  6  8 39 10 29 11 41  4 82  6 93 15 19 
 5 54  3 66 10 18  1 54 14 85 11 42 16 35 12 55  0 58  4 33 19 52 17 28  6 31  7 97 13 51  8 14  2 99 18 50  9 14 15 31 
 3 77  6 11 13 61 18 44  2 20 19 39  5 21 15 80 11  3  1 44 14 13 17 73 10 96  4 69 16  5  8  2  9 73  0 74  7 30 12 42 
14 93 11 85  0 73 12 76 17 33  1 93 19 98  7 84 15 83 13 54 18 15  4 17  3 33  2 82  8 52 10 72  9 37  5 95  6 45 16 50 
 7 82  6 47 19 93 12 41  4 23  0 98  8 12 14 52  9 78 10 11  1  2 15 25 11  2 17 39  5 79 18 96  2 33  3 81 13 74 16 40 
 6 66 14 36  5 12  0 88  3 83 17  4 12 84 16 68  9 27  2 65 13 90  1 73  8  1  4 44  7 27 11 96 19 73 15 12 18 27 10 22 
16  1  8 41  4 53  1 29 13 75  0 17 11 53 17 83 12 62  3 93 15  5 19 94 18 25 14 65  6 68  2 44  9 16  7 48  5 58 10  7 
 9  9  0 15 16 42 10 32 19 51  3 74  4 58  5 26 12 51  6 25 17  9  1 52  2 87  7 23 11 70 18 58 15 14 14 49  8 51 13 54 
 9 85  5 14  1  8  8  8  2 50  0 94 11 11 14 87 19 44  4 35  7 69 18 62 10 35 15 55 12 77 17 92 13 89 16 20  6 65  3 13 
10 80 11 79 14 32  7 35 13 67 15 44  9 37  5  7  1 93  2 73  4  6 16 77  3 77 19 84  8 12 18 48  0 51 17 73 12 89  6 27 
12 65 16  1  9 29  3 60 13 55 18 47  1 69  5 88 10 62  7 22 17 44  2  3  8 56  4 75 11 80  0  1 15 65  6 76 19  4 14 66 
 0  3 18  6 16 61  9 62 13 54  1 85 10 26  7  4  3 27  5 54 12 84  2  3  6  2  4 12 19 44 15 89 11 81  8 16 17 79 14 68 
 3 15 11 34 18 70 12 90 15 47 17 72  0 25 19 57  4 20 13 80 16 88  7 44  9 78  2 79  6 53 14 42 10 64  5 84  8 15  1 42 
13 29  6 54 16 11 10 93  1  2  9 86  0 81  7 23 18 99  8 49  3 98 11 78 15 14  5 25  2 74 14 94 17 91 12 32  4  5 19 69 
 3 23  6 94 12 61 15 39 14  8  7 71 10 93 13 72 17 55 16 95  1 12  2 60  4 82  0 46  8 82 18  7  5 55 11 38  9 86 19 35 
 6 45  2 56 19 10  5 49 12 77  9 43 10  8 11 66 16 31 17 74 13 93  0 49  1 57 18 23  4 26 14 97  8 94  3 71  7 23 15 97 
 3 56 19 90 18 71 10 50  4 29  5 63  0  1 17 69  9 97 13 85 16 42  1 20 12 20  8  3  7 43  6 86 14 97 15 22  2 52 11 21 
 8 81 16 12  9 71  7 39 10 99 15 70  3 35  4 84 18 22 17 47  6 64 19 98  2  7 14 12  1 75  5 64 12 86 13 27  0 38 11 10 
 9 35  4  6  7 91 12 16  6 46 13 79 15 55 17 96  1 86  5 45 11 43  2  5 14 95  3 14 19 30  8  4  0 38 10 91 18  9 16 44 
 4 20  1 65  7 18 19 21 17 13  0 74  9 44 18 39 16 97 10 24  3 33 12 14  2 43 14 17  6 80 15 73 13 39 11  6  5 14  8 43 
15 61  2 83 19 46 14 71 16 25  9  8  1 81 13 60 10 14 18 30 17 10  5  1  0 61  4 53 11 20  7 19  3 15  8 12 12 10  6 35 
16 36 14  8 10 78 12 32 13 93  7 31  8 11  9 41 18 12 17 10  5 49  4 19 19 99 11 73  2 95  0 38  6 83  3 11  1 25 15 37 
11 37 14 90  0 80  6 26  2 42  9 34 15 67  5 59 12 81 10 74 16 17  3 41  7 27  4 72 19 37 18 82 13 78 17 76  8 59  1 14 
13 47  7  1 11 10  0 88  1 38 19 83  9 83 17 99  8  1 12 28 18 61  2 62 14 76 16 43  3 29  4 83 15 97 10 60  6 29  5 73 
