50 20
 4  8  3 41 18  4 17 52 12 47 13 67 14 65  6 18  7 73 11 10  1 70  5 66 16 64  8 53  9 34 15 28 10 74  0 40 19  8  2 30 
13 37  5 91 14 97 18  6  1 48 19 90 11 32  6 12  3 93  7 15  2 33  8  5  4  2 10 11 15 96 12 16 17 82  9 49  0 48 16 81 
 5 11  3 70 18  4 15 92 11 18 19 41 12 77  1  5  6 49 17 94  4 32 13 67 14  2  0 16  9 21  8 69 10 89  7 32  2  6 16 33 
13 87  9  3  6 82  0 44  7 16  8 54  1  9  3 49 15 28 10 70  5 85 18 34  2 53 16 37  4 59 19 66 11 41 12 96 17 84 14 54 
 1  1 11 31 19 73 18 35  0 81  8 84  4 34  7 53  5 73  2 30  6 63 13 76 15 62 16 14  9 30 17 31 10 89 14 28 12 92  3  3 
 5 64  9 46  6 81 13 38  8 46 17 69 10 10 19 27 18 36  4 94 14 53 11 31  3 15 12 59  2 31 16  6 15  1  1 28  0 43  7 92 
 8 27  0 78  4 10 15 19  2 89 14 91 18 42 16 13 11 75 17  2  6 36  7 14  5 59  3 14 13  9  9 34 10  3  1 85 19 44 12 94 
 5  8 13 90  1 38  6 23 17 69  8 34  0 13  7 62 10 38 16 74 15 67 12 45  2 62 19 32 14 86 18 59 11 84  9 66  4 37  3 52 
16 45 15 30 18 23  2  7 14 92  0 72 12 34  6 63  3 68 11 36  9 75 17 10 19 27 13 89  5 31  8 88  7 46  1 36  4 71 10 23 
18 72 12 36  9  5  5 98 11 38  6 99 19 92 14 92  1 63  4 20 17 42 16 77  3 71  8  3 13 80 15 95 10 84  2 32  7 32  0 66 
 2 63  3 15 13 66  0 16  9 51  7 26 19 24 17 78  8 54  1 66 14 51 18 30  6 37 16 72  5 77 15 11 12 33 10 30  4 36 11 24 
 7 78 14 75 16 35  5 10 19 81  8  1  1 28  3 58 11 80  0 61 17 52 15 74  2 17  9 11 18 64 13 69 10 27 12 92  6 79  4 89 
10 25 17 19 11 53  9 36 19 53  1 27 15  8  4 23 18 86 14 31  7  2 16 95 12 53  2 29  5 35  0 28 13  1  8 71  6 57  3 56 
 8 11  2 56 17 64 19 45 10 96 14 94 13 48 16 79 12 48 11 58  6 32 18 58  3 13  9 95  5 39  0 21  4 18  7 83  1 45 15 69 
10 88 11 25  7  9 18 83 17 12 14 79 16 41  1 89  9 93  8 46  2 24 12 41  3 59 19 56 15 19  5 12  4 34  0 80 13 81  6 51 
 5 22 11 49  9 73 18 59 12 48  8 76  2 78 14 69  1 66 15 27  7 73  6 46 16 42  0 53  4 62 10 39 19 15 17  4  3 76 13 53 
12 96  7 91 16 71  5 60  6 60 15 60 17 44  0 18 13 82  8 90 19 77 10 93  2 24  4  6 18 77 14 56  9 82  3 15  1 85 11 41 
 9  4  4  8 17 10 14  4 10 23  0 17 18 33  2 50 13 24 16 12  6 29 19 65 12 43  8 68  3 66  7 82 11 22  1 89 15 58  5 25 
 5  4 13 14  1 62 14 43  0 49  6 18 19 91  3 83  7 53 10 35  9 79  4 62 11 42 18 17 17 62  2 39 15 76 16 43  8  9 12 39 
 4  1  0 98 13 77  2 28  1  3  3  8 15 43 12 53 11  4  6 80  9 81 18 98  5 61  8 91 19 32 16 65 17 52 14 29  7 49 10  1 
10 40  1 89 15 65 17 30  9 23  6 47 18 97  4 28 19  3  7  5 13  4  5 85  3 34 11 24  0 87 14 63  8 54 12 54  2 27 16 95 
10 50 11 24 13 37  7 99  4 14 17 99  3 25  9 64 19 73 14 64  6 24  2 86 15 10 16 76 12 56 18 81  8 62  5 49  1 19  0 78 
 7 73  4 76  5 31 12  4  9 10 13 24  3 67 17 57 11 25 16 72  8 30 19 31 10 79 14 13 18 41  6 85 15 79  0 61  2 45  1  3 
18 72  6 49 19 50  9 95 17 81 10 80 14 50 15 41 16 48  0 68 11 15  5 29 13 68  7 83  2 72  3 25 12 56  1 19  8 80  4 60 
 6 68 15 30  7 38 14 23  5  5  8 65  2  1  9 18 17 61 11 51 19 44 12 64 10 98  1 99 18 64 16 87 13 90  3 66  0 99  4  7 
 9 94  4 60  7 19 18 40  5 46  1  7 13  7 10 86 15 32  3  3  2 25 19 89 12 59 11 69 17 89 14 65  0  9  6 77 16 35  8 42 
16 93 19 83 13 79 18 36  1 15  3 44  9 45  8 11 12 47 11  2 10 84  0 51 15 26  7 62  2 54  5 71  4 86  6 64 17 61 14 38 
 7 88  4 37 17 37 12 36 15 59  1 14  3 89  5 93 11  6 14 47  8 44 13  1 19 82 10 84 18 50  6 21  9  4 16 20  2 98  0 37 
16 65  8  4 12 98 19 29 18 22  7  1  4 70 13 89  6 73 14  5 17 15  3 33 10 23  1 63  9 20 11 28  0 31  2 62 15 90  5 53 
14  5  4 51 12 90 19 91 17 24  9 98 18 31  8 90  5  3 13 56  6  5  2 41 10 75 15 57  1 49 11 75  3  1  0 66  7 65 16 58 
15 85  8 43 17 95  9 42 19 50 18 32 10 37  0  8  5 68  7 82  6 78 13 11 12 45  3 32  4 66 11 41  1 53 14 91 16 65  2 88 
16 87  9 16 12 43 13 86  6 67  5 82 11 70 18 65 17 56  4 53 10 22  0 17  3 94 15 61  1 69  7 73  8 33 14 69 19 36  2 64 
16 85 10  6  7 31 15 23  9 33  3  4 14 69  5 61  1 50 11 27 12 25 18 10  2 26 19 26  4 42  0  9 17 72  6 30  8 91 13 83 
10 44  6 77 18 51 14 49  2 37  7 20 17 69  8 95  5 84  1 43  4 86 15 86 12 57  3 29 11 70 13 94  9 38  0 39 19 61 16 60 
16 37  3 22  2 56 11 88  7 95 14 19  9 92 15 64  1 25  6 69 10 37 18  9  0 82 19 67  5 90 13 52  8 64 17 25 12 62  4 39 
 4 68 13 36  3 85 15 37 19 66 10 31 18 35 11 97 14 76 16 22  1 45  2 80  9 90  6 48  5  5  7 56  8 50 12 66 17 54  0 53 
 4 86  3 21 18 36  2 42  0 67 17 38 14 28  8 58 15 41 13  1  9 67 16 45  1 25  5 18 19 12 11 71 10 49  7 28 12 21  6 52 
12 93 14 97  5 35  2 71  3 62  9 49  7 81 11 60 13 64 10 50  4 33 18 39  0  7 15 44  1 53 16 20  8 96 17 49 19 23  6 70 
13 15  0 22 11 40  8 12 18 19 17  5 10 32 19 85 16 48 15 46  6 97  1  4  5 97  4 95 14 90  2  2 12 69  9 95  3 68  7 18 
 3 52  0 57 13 67  8 67  5 91  1 82  7 86  4 29 17  8 11 35 10 65 12 13  2 92 19 28 16 77  9 99 14 30  6 16 15 31 18 35 
 7 85 19 24 15 60  5 60  3 89  1 99 12 88 11 15  4 45  0 60  8 38 16 44 17 38  2  4 10 95 18 27  9 27  6 15 14 76 13 53 
 9 15 19 64  8 29  3 72 17 98 10 73 16 28 13 25 11 35 14 57  0 26 15 38  1 42 12 19  7 75  4  2  2 86  6 46 18 84  5  5 
19 57 13  4 11 83  6 13  2 80 12 45  7  6 14 46  0 63 15 94  8 54 17 69 16 69 18 43  1 62  3  6  5 15  9 35 10 62  4 44 
 8 57 10 67 17 80 16 80 18 61  9 84 15 90  1 63  5 26  6 98  2 94  3 92  7 84  0 16 19 24 12 67 11 47 13 35  4 79 14 99 
11 63  8 45 10 49  7 38  0 32 15 87  5 41 17 33 19 18 18 40 16 50  2 84  3 36 14 99  6 77  9 16  1 52 13 20  4 60 12 66 
11  1 14 24 13 37  1 54  9 39  5 50  7 38 18 79  4 88  2 35 19 58 15 77  0 43 17 98 12 52  6 73 16 45 10 45  3 84  8 80 
 6 26 15  9 19 92 16 70  5 87 12 33 11 14  4 83  0 34  2 98  3  5  8 99 10 93  7 94  1 43 17 36 14 26 18 11  9 28 13 16 
12 19 15 58 14 30  3 72  1 39  2 27  9 18 11 44 16 20  6 87 10 82 17 51  8 78 18 20  4 19 13 36  0 42  5 75 19 85  7 95 
 6 41  9 46 10 81 11 17 12 25 18 80  0 41  4 29  1 99  2 14 13 28  8 25 16 58  7 24  3 59 14 45  5 17 19 53 15 16 17 86 
 3 30  2  3  8 28 19 92 15 87 13 28  6 30  4 69 14 20 16 94 10 97  5 91 17  5  7 16 11 88 18 47  1 66  9 67 12 15  0 29 
