50 20
10 20  1 22  2 38  7 33 17 24  4 72  3 75 18 61  0  2 14 17  6 67 19 50 15 65 16 77 13 65 12 35  5 68 11 76  9 98  8 81 
11 73  3 86  7 26 18 42 12 50  5 13 13 92  6 15  4 77 14 74 10 48  2 54  1 46 16 60 19 83  0 78 15  1  9 91  8 33 17 60 
14 67 19 63  5 54 11 65 16 29 12 51  1 74  8 16  6 11  4 97  2 87  9 66 18  4 10 10 17 52  0 85 13 60  3 64  7 40 15 49 
10 31 16 73 15  2  2  4 14 87  1 81 11 90  7 92  5 27 18 51 12  4  0 42  4 21  8 77 17 71  6  5  9 77  3 81 19 39 13 32 
19 18  8 13  4 89 14 45 12 59 13 90  2 86  9 71  3  5  0 54  1 42 10 60 17 32  6 16 18 86 11 70 16  7  7 16  5 81 15  4 
 0 59  9 55 11  3 18 43  3 26 15 19  2 57 17 75 10 35  8 40 13 17 12  3 14 96  4 82  5 26  1 23  6 97 16 23  7 65 19 28 
 0 83  8 81 12 19  5 54 11 86 16 94  7 49  2 38 15 38  3 33 10 93 18 63  6 51 13 45 14 68 19  4 17 29  1 53  4 85  9 21 
10 46 15  8 19  5 17 29  6 32  1 34 14  3  0 10 16 45  7 70  4 77 18  1 13 62  3 79  2 50 12  2 11 18  9 89  8 86  5 21 
11 17  6 47  7  7  1 20 17  9  9 92 12 23 18 76  0 71  8 20  4 21 15 72 14 71  5 92  3 92 10 17 19  9 16 38  2 23 13 34 
13  6 18 74  8 29 14 99 11 80 16 27 10 43 15 36  0 31  9 63  1 34  4 26 19 98  7 47  3 69  2  5  5 55 12 22 17 15  6 19 
18 77  8 12 14 96  2 84  5 22  1 16  6 59 13 94  0 69 17 68 15 81  3 13 16 45 11 61 10 27 19 26  7 12  4 86  9 82 12 85 
 6 27 18 81 16  2 12 29  0 61 17  2  1 40 11 78 15 65  7 68  4 39  2 68 10 39  8 63 19 59 13 79 14 96  5 11  9 76  3 48 
19 95 13 62 18 10 11 68  6 42  3 61  5 73 14 51 16 81  4 75  7 37 15 96 10 65 17 45 12 44  8 43  1 19  9 44  0 94  2 56 
 1 23 15 70 17 24 14  4 10 86 13 90  4 86  9 83  0 75 18 46 11 92 12 94 16 23 19 29  8  6  2  3  7 33  5 12  6 51  3 15 
 5  7 15 55  3 26 14 30  0 79  4 58 12 86  1 70  9 68  6 98  8 26 11 32 10 98 17 35  2 37 19 13  7 85 13 85 18 14 16 34 
13 21 19 68 18  1 12 76 11 44 14  4 17 48  1 39  2 73  6 81  0 50 15 97  7 41 10 79  3 10  9 73  5 36  8 28  4 64 16 31 
16 76  5 55 14 41  7 46 17 80  0 99  3 99  1 59  6 14  2 86 12 69  8 24  9 54 11 34 13 32 19 98 10 74  4 67 18 24 15 56 
15 14  1 32 11 77 17 81 19 35  0 38  8 38 18 38  2 61  6 87 14 70 16 79  9 25  5 46  7 88  3 18 12 76  4 98 10 75 13 23 
 5 61  1 92 17  6  3 58 18 26 10 26 12 36 19 89  7  9 15 35  0 54  2  5  6 72 11 91  9  4 14 61  8 75 13 42  4 85 16 45 
12 46 19 89  6 49 13 86 11 14  5 62 14 53  8 59  7 27  2 86 18 10  0 87  4 99 17  4  1 84 15 62 10 74  9 30 16 68  3 86 
12  1 13  3 11 84  0 78 10 42 15 73  8 98  7 91  3 70  9 53  5 57 14 36 18 76  1  4  6 76 19 22 17 70  4 67 16  6  2 16 
12 80 18 91 13 24  6 36  2 44 14 81  7 78 10 65  3  2 17 91 19 62 15 41  8 40 11 96  1 64  0  5  9 81  4 71 16 31  5 71 
 9  3 14 68  5 55 17 13  7 83 10 13 16 12  1 98  8 86  6 10 11 70 12 59  2 89  0 74  4 83 19 30  3 56 15 99 18 68 13 67 
 6 35 19 74 14 59 13 17 11 56  8 64  5 67  4 77 12 84  2 10  9 35  0 79 10 12 16 91 18 36 17 84  7  1  1 41  3 98 15 81 
 4 32  2 10 11 39 12 58 14 24  8 56 17 83  0 77  9 78 18 99 19 95  3 67  5 81 13 15 16  5  6 35  1 10 10 24 15 97  7 44 
 8 55  9 41 17 99  2 27 19 94 14 12 13 33  4  3  0 71 11  5 15 88  6 25  5 66  3 80  1 39 16 90  7 79 12 56 18 60 10  5 
16 69 12 41  2 25  0 82  1 32  3 70 13 38  4 22 14 95  9 98  5  6 11 64 15 52  8 46 19 71 17 41 18 40  6 35 10 22  7 33 
19 14 14 38  2 32 16 38 17 64  5 67  8 13 12 74  6 74  3 67 13 39 10 53  7 55 11 15  9 93  1 37  0  7 15 53  4 54 18 39 
17 84 18 77  7  6  1 45  3 91  9 77  6 12 16 96 14 24 12 90 11 54  0 52  5 49  2 97  4 80  8 84 13 44 15 37 19 79 10  5 
 4 69  9 28 13 32  6 68  5 59  8 23  2 86 16 54  7 41  0 80 12 57 11 45 18 19 17 38 19 89  1 21  3  5 14 64 10 65 15 16 
 4 57  6 47  9  1 11 79  8  9 10 66 13 84  7 21  5 35  2 97  0 83  3 45 14 18 12 21 19 19  1 37 16 93 17 83 18 46 15 54 
 6 46  0 12  4 44 12 75 19 32 11 15  2 49 16  4  1 29 17 76  8 65 15 39 18 73 14 54  9 63  7 78  5 18 10 91  3  3 13 93 
 9 98 14  7  2 47 18 56 15 37  8  3 17 17  0 94  5  9 16 19 11 91  4 58 10  8 13 32  3 60  6  5  7 64 12  3 19 56  1 98 
 2 93  9 63  7 40  6 88 14 20 17 11 11 16 12 55 18 61  8 81  1 17 10 16  4 45 16 46 13 85 15 89 19  1  5 22  0 59  3 55 
 7 76 18 86  0 83 10 26 17  4  2 61 12 72  4 81  3 44 19 48  8 17 13 72  1 14 11 46 14 46  6 80  9 74 16 11 15 57  5  2 
 1 13 16 49 17 76  8 41  9  3 11 13  3 95  2 98  6 29  7 48 18 60  5 67 19 28 15 64  4 36 12 47 14 78 10 83  0 32 13 88 
 3 58 10 74 14 41 19 75 12 45 11 19  0 51  4 39  8 94 13 41  7 62  9 75 15 36  1  5 16 80  5 47 17 36  6 23  2  6 18  3 
15 92  1 64  8  1  5 65 17  2  2 87 11 45 18 73 16 30 19 67 12 68  6 33  3 35 14 65 10 50  9 93  4 36 13 18  7 39  0 54 
 5 40  2 11 13  8 14 29 15 26 10 65 16 26  8 17 19 52 17 24  1 87  0 67  7 88  4 83  6 36 12 30 11 97  9 19 18 97  3 68 
15 64  0 61  7 59 16 65  9 93 19 80  5 83 12  5  2 50  1 42 17 49 13 69 18 86  6 14  3 84 10 41  8 31 11 67  4 88 14 20 
15 45  6 22  3  2  2 83  8 61 18 55  5 85 19 72 11 37  9 56  0 73 13 65 16 19  1 42 17 51 10 88 14  2 12  1  4  1  7 30 
10 74 12 28 19 87 18 91  8 68  2 27  1 42  0 99  6  7  4 23  5 27 16 16 15 86 14 61 13 28  9 62  7 87 17 72  3 93 11 67 
11 77 16 20 17 53  1 52  0 14  9 57  4  2  3 78  6 63 10 12 18 10 14  1  7 59  5  1  8 67 12 53 15 76  2 17 13 80 19 12 
 4 74 13 86 17 78  6 55  8 75 19 37 12 36  0 49  5 50 16 93  1 52 10 77  7 83  9 29 18 84  2 60  3 92 15 61 14 31 11  3 
 6 76 18 26 10 38 19 61  2 67  0 60 15 40 11  7  4 20 12  7  8 97  1 76  7 18 14 83 17 39  9 64  5 43  3 39 16 79 13 79 
 7 61 19 73  0 91  1 42  3 70 13 73 17 34  2 81  8 19 14 64  4 54 16 96 12 89  5  3  9 55 10 94 11 93  6 24 18 10 15 99 
 2 73 18 10 19  6  0 67 14 22 11 50 13  4  4 29  7 34  5 15 15 46 12 32 17 66 10 28  9 67  3 63  1 60  8 39 16 65  6 19 
 2 94 12 77 17 36 18 97 16 38  5  8  6 71  8 83 15 43  9 86 19 33 13 94 10 30  7 33  4 89  3 37 11  1 14 35  0 94  1 32 
10 24  7 67 16 61  5 41 12 18  0  4 14 91  3 73  1 33 11 96 13 59 18 63 15 40 17  5  9 10  4 45 19 27  8 53  2 24  6 81 
14 31  8 99 12 14 11 64 19 89 17 43  3 93 10 32  2 32  9 26  0 22 13 33 16 89 18 41  5 40  7 87  6 26  1 98 15 53  4 98 
