100 20
11 83  7 59 18 49 15 84  0 35  8 68 19 58  6 66 13 44 14  2 17 63  2 25  4 70  1  1 16 84  3 56  9 35  5 46 12 81 10 58 
 0 11 14 67  7 45  1 86 11 91 16 60  6 61  4  6  8 95  5 18 13  7 18 73  9  3 17 92 15 30 12 93 19  7 10 37  2 14  3  9 
15 34  4  5 10  2 14 72  5 26 13 55  9 24 19 61  8 28 16 98  7  3 12  1 11 28  1 92  3 39  6 26  0 91  2 41 18  6 17 92 
 0  9  5 77 11 47  7 45  6 82 10 20  4 86 18 88  3 18  8 83 14 22  9 73 17 92  2 84 19 68 13 55  1 65 16 10 15 64 12 60 
 3 62 10 75  1 29 13 81 18 89 19 34  5 34 11 24  6 98 17 95  8 60 14 23  9 54 16 72  4  3 12 82  2 41  0 49 15 97  7 49 
 3 80  1 95 17 51 16 96  2 24  5 15 14 90 12 73 11 99  7 68 13 96 19 67 15 96 10 56  0 23  6 38 18 97  8 44  9 41  4 83 
17  8 13 92 18 66  1 59  9 31  8 63 11  2  4 13 16 32  5 39  3 53 10 24  2 85 12 25 14 53  0 90  6 49  7 42 19 54 15  1 
19 10 14 68 16 86 17 26  7 64  9 30 11 78  2 71 15 95  3 17 18 92  5 30 12 41  6 54  1 12  4  4  8 17 13 60 10 54  0 83 
10 24  3 23  5 46  8 39 14 32  4 40 16 52  2 36 17 83 15 23 18 18  7 92 12 95  9 67 19 31 13 25  0 69 11 46  1 51  6 93 
15 54  2 81  7 37 11 52 12 66  4  2 17 96  8 95  0 44 10 91 14 83  5 67  9 22  6 44  3  1 19 21 13 45  1 37 18 71 16 50 
16 52  4 19  1  8 17 85  5 64 12 32 15 22  0 37 14 54 13 96 18 92  2 58 19 16 11 86  3 57  7  3  8 68  9 94 10 17  6 30 
15 29  6  8  7 89  3 33 19 14 13 99 14 84  0 78 12  5 11 76 17 61  2 95  4 21 16  9  1 95 18 56 10 27  8 75  9 42  5  5 
10 57  0 30  7 52 13 90  4 58 17 10  2 43 15  7 14 80 12 16  5 10  9 92 18 56 16 21 19 76  3 15  1 95  8 10 11 64  6 68 
 8 46  2 77  7 23 16 33 18  4 12 66 11  5 19 52 15  2  4 34 14 24  9 89  3 46 17 35  6 10  5 24 10 53  1 98 13 19  0 49 
18 91 11 95 13  1 16 90 17 75  6 59  0 36 14 57 12 73  3 39 15 82  2  7  8 27 19  1  4 39  7 21 10 70  5 14  9 12  1 69 
13 33 12 13  9 76  0 33 17 65 15 24  1 50 19 39  6 41  7 70  5 47 18 89 14 32  4 49 16 71 11 31  2 13 10 68  3 65  8 93 
13 55 18 81  9 36  4 28  1 94  8 85 17 20 16 94  5 77 14 20 19 74 15 32  3 68 10 24  7  1  2 75  6 16  0 79 12 82 11 35 
13 78 10 89 12 63  0 41 19 19 14 68 18 87  8  6  5 51  3  1 11 48  1 75  9  5  2 47 16 92 17 45  6 52  7 21 15 27  4 84 
10 90  4  4  3 70 17 36 13 46  1 78  2 60  0 67 12 39  6 71  7 61 15 75  8 13 16 69  9 76 11  4 18 54  5 97 19 29 14 59 
18 44  6 89  9 36 13 25 19 32 14 77  3 72  5 39 12 81  1 58  4 49 17 56  7 22  8 46  2 15 10 58 16 53 11 27 15 56  0 11 
15 25 13 66  1  4  4 23 19 78 14 29 18 16  5 69  8 26 16 68 10 95 12 56  6 31 17 10  7 83 11 74  3  3  2  8  0 24  9 68 
 9 19 17 29  5 94 18 24  8 86 12 16 14 64 13 39  0 20 10 57  6 15 11 34  1 68  7 82  4 57  3 13 19 57 15 86  2 72 16 33 
 1 46  7 84 17 16 11 12  9 22 14 73 18 31  2 90 15 57  0 94  4 23 19 51 10 17  5 73 12 23  6 34 16 48  8 83  3 32 13 35 
19  6 10 32 13 10 18 62  7 74 12 82 11 51 15 51  3 51 16 71  9 28  4 27  0 87  6 22  2 33 14 45 17 44  5 96  1 81  8 53 
 6 43  9 42 17 66  2 75 11 65 16 83  4 64  1 21 13  6  0 53 10  1 12 67 18 80 15 25  5 37 14 71 19 17  8 48  3 43  7 12 
10 90  1 67 14 42  7 71 15 13  4 98 13 24  2 77  5 69 17 90  0 80  8 73 18 54  6 13 12 29 11 25  9 62 16 11  3 44 19 13 
 8 73 12 67 13 52  7  6  5 30  6 25 19 73 11 86  3 53  1 19  9 84 15 52 17 80 16 63 10 21  4  2 14 78  2 29 18 44  0 90 
17 99 18  6  1 72  8 67 16 69  7 50  5  2  0 53 11 31  9 61  4 81 15 94 12 23 19 89  2 21  3 75 13 99 14 51  6 68 10 97 
 6 48  8 70  7 62  0 60 16 74  5 98 18 26 13 96  9 10  1 68  2 36  3  6 14 24 17  4 10 12 19 29 15 46 12 79  4 28 11 79 
10 54 15 41  7 61 13 56  9 42  2 59  8 95  6 46  1 43 17  1 11 49 19 42  5  2 12 32  4 55 14  2  3 57 16 60  0 76 18 40 
17 79  1 43  4 79 11 50 13 51 14 23  9 12 19 38  6 80  7 65 15 42 10 91  0 76 18 74  8 36  5 27  3 47  2 44 12 10 16 69 
10 33  7 65 13 93  8 44  9 80  3 83 12 54 15 91  6 87 17 37 19 71 18  3  4 33 14 38 16 80  2 91  1 79  0 55 11 90  5  5 
14 76  8 18  7 19  5 57 13 71 10 86  6 59  2 17 18 21 16 42 15  2  9 51  3 84  4 22 11  7 19 17  0 52  1 84 17 16 12 28 
 9 23 13 48 16 68  6 91 10 76 19 92 12 39  4 12 17 15  3 42  5  5 18  5 11 85 15 78  7 75  1 81  0 51  8 35  2 70 14 87 
 9  2 12 37  6 30  8 14 11 44 10 68  3 22  4 24 15 13  7 80 14 50 17 89  1 12 18 45 19 36  2 30  5 28 16 56 13 58  0 60 
12 92 13 34 11  2  1 35 10 82 14 60 19 76  7  3  6 89  9  8  8 97  2 23  5 26 18 49  0 66 17 37 15 55  3 72  4 70 16 63 
 1 72 15 41 12 53 18 83 10  4  9 68 13 40  3 80  8 17  7 90  5 57  2 81 19 24  0 26 14 35  6 13  4 38 17 59 16 46 11 38 
14 72 11 65  2 50  9 92 10 88 13 11 15 83 18 87  3 42  7 57 17 87 16 83  5 43  4 98  1 47 12 74  6 61  0  3  8 81 19 18 
14 13  1 44 13 84  8 19  6 69 10 23  7 32  0 30  9 26 19 64 16 55  4 27 15 52 17 17  2 97 18 21  3 73 12 45 11 31  5 49 
 2 38  5 80 16 48 18 54  0 54  7 38 13 39  3 49  4 29 19 98  8 86 12 20 17 23 15 22 14 81  6 38  1 98 11 96 10 90  9 14 
 9 70 12 48  6 93 19 86  2 21 11 97  1  7 17 68 13  5  8 13  7 26 15 79  4 94 18 25 10 50 16 31  0 37  5 83  3 41 14  7 
14 93 11 75  3 33  9 46  6 14 17 17  4 70 13 63 19 38 16 63 10 45  0 99  7 41 15 12 18 64 12 34  5 12  1 54  2 66  8 31 
12 60 18 97  6 95  7 41 13 71  1 88 19 91  0 92 10 99  9 52 15 69 17 79 11 30  8  3  5 55  3 59 16 88  2 28 14 71  4 73 
18 53  1 97 10 53  4 29  7 64  2 19 14 15 13 79  3 99 16 39 12 72  5 82  6 77 11 25 19 96 15 92 17 98  8 79  9 31  0 19 
 7 56  4  6  6 63 16 50 12 67  1 80 18 60  0 36  8 10 17 14 19 44  5 81 13 54  3 20 10 67  2 25 14 49 11 78  9 75 15  3 
16 83  4 73  1 22  2  4  0 30 17 27  6 76  8 54  9 48  3 82 12 89 10  8  7 80 18 26 13 98 11 97  5 10 19 66 14 76 15 77 
17 75  3 99  2 70  4 75  8 16 19 69 16 52  6 21 15 23  1 28 10 56  5  5  7 78 13 72 12 56 18 23  0 30 14 51  9 27 11 38 
16 96 17 25  4 56 13 67 18 77 15 61  7 55  5 87  0 20 14 60  8 40  6 23  9 17 10 24  1 37  3 52 12 46 19 96 11 19  2 46 
 3 34  8  9  7 13 15 74  9  4 12  5 17 41  4  3  2 61  5 28 11 48 14 63  6 37  1 58 13  6 10 91  0 35 16 95 18 98 19 90 
 3 50  0 26 17 10 10 75  4 93 13  9 18 92  7 55  9 63 15 51  2 33 14 60  5 91  6 51  8 96 12 18 19 75 11 73 16 50  1 62 
12 28  8 41  6 92 11 57  3 10 16  5 10 85 19 41  1 98  7 12 15 62  9 39  2 53 14 51 13 81  4 56  0 39 17  5 18 90  5 65 
17 83  3 57  2 47  7 37  1 10 10 13  6  1 14 98 19 35 11 17 13 59  8 86  4 16  0 66  5  1 18 19 16 10  9  1 15 59 12 67 
 1 24  8 69  7 87 11 87 15 95 14 44 10  8  6 42  9 21 13 39 17 75  5 79  4 73 16 21 18  8  3 87  2 66 19 25 12 58  0 91 
 4 45 11 29  8 95 17 55  3 62 13 97  9 77  2  2  0 43  1 68  5 94 16 20 15 61 10 78 12 65  6 70 14 42  7 69 18 59 19 38 
18 79  6 55 17 65 11 61  3 85 13 36  9 31 15 80  8  1 12 62  5 73 10 31  2 62 19 13 16 27  7 28 14 52  0 71  4 76  1 73 
13  8 19 75  7 10  9 65  2 39 11 50 14 15  0 46 16  6 15 16  1 87 10 31  4 78  5 33  3 81 17  1 18 86  6 16  8 64 12 55 
11 45  8 51 10 66 16 28 12 56  7 42 15 93  4  5 14 99 17 16 19 76  1 32  5 29  9 33  2 23  6 65 18 52  3 99 13 91  0 12 
 4 57 17 91  6  8 10 79 16 61  7 54  2 47 19 93 11 39 13 62  3  6  1 63  8 28  5  4  0 84 12 60 15 70 18 22 14 76  9 61 
17 97  2 40  7 40  4 86  9 97 15 45 19 31 16 56  5 95 12 30 11 87  3 23  1 71  0 61  8 92  6  1 10  5 14 92 18 26 13 15 
12 24  4 58 19 62  5 41 17 11  6 17 14 45 11 73  0  2 18 57  8 65  2 51 13 75  7 59  1 97 10 88  3 52 15  8 16 59  9 71 
 7 18 19 68 12 70  3 85 15  8 10 96  2 82  5 34  0 76  9 45 18 99 17 39  1 26  8 76  6 45 11 77 16 97 14  3 13  5  4 53 
 7 12  8 60  4 53  3 51 18 17 19 41 11 25 14 90  6 21  0 65 16 34  5 51 17 60  9 51 10 67 12 97 15 40  1 24  2 22 13 29 
17 29 13 36 19 91  6 68  3 64 18  2 12  6  9 65 16 44  8 50  5 21  1 64  7  6 14 99 11 44  4 13 15 42  2 12  0 15 10 42 
16 32  2 59 11 29  7 75 12 54 14 93  9 41 17 10  0 63 10 70  4 84  1 23  6  9 13 39 19  9  8 23  5 68  3 65 15  9 18 64 
16 83  9 26  7  3 18 37 11 66  8 63  4 10  3 83  2 80 15 45  1 16  0 82 19 12  5 85 10 30 12  2 13  7 14 13 17 35  6 46 
 4 21  1 29 17 50  6  5  8  6 13  6 19 88  0 50 14 50  9 65  3 68 12 71 10 45  5 51 18 52  7 53 16 37 15  1  2  9 11 41 
12 88  6 55 16 65  0 97  2 94 19 73  4 47  8  8  7 74 14 43  5 98  3 13 18  8 11 32 15 53 10 70 13 70 17 37  1 52  9 21 
15 41 18 31 11 53 13 34 19 88  7 96  1 69  2 92 16 35  8  3 14 53 17 92  4 54  9 21 12 90 10 68  3 23  6 16  5 39  0 25 
 2 35 13 49 11  2 12 34  4 89 17 36  7 81 14 29  6 99  8 96  5  5  3 28 15 97 16 11 19 79 18 91  9 65  1  5 10 94  0 94 
 9 84  6 34  7 56  8 77 14 31  2 97  3 80  4 88 18 33 16 73 15 71 12 37  0 78 13 81 10 71 19 50 17 46 11 90  5 22  1 25 
 9 78  2 93 12 11 15 53  8 57 13  3  1 52 19  4  5 99 16 24 14 10  7 41  4  9 10 27 11 19 18 90 17 55  6 43  0  5  3  9 
 6 20 18 46 11 57  8 63  4 70  7 64 19 55  9 30  5 26  2  6 17 70 15 48  0 91  1 97 16 77 10 94 13 88  3 75 12 52 14 77 
12 35 16 41  8 48 19 97 17 73  0 73 14 67  6 19 18 72  1 82  5 79  4 45  9 28 13 64  7 22 15 65  3 79  2 14 11 29 10 36 
10 55  1 54  2 86  8 10  7 73 12 32  4 61 19 50 16 33  5 81  6 57 14 99  9 12  3 49 18 37 17 72 11 90 15 60  0  6 13 66 
 7 35 14 34 12 97  5 23 10 69 13 56  3 38 16 15  2 67  1 75  4 52 19 91 15 55  0 56 11 73 18 80  9 88 17 25  6 20  8 65 
 1 65 13 76 17  6  0 39 19 91 12 84 15 14 16 13 10 32 18 29  4 23  6 12  5 33  2 59 14 40  3 21  8  8 11 82  7 73  9 77 
13 53  4 21  7  5  9 41  8 93 18 28  2 37 19 76 12 43  6 32 17 17 14 11  0 72 16 32  5 47 15 68 11 90  1 65 10 63  3 60 
14 91  3 81  1 76  4 44 17 30  7 84 16 54  0 26  8 19 11 93 10 83  6  7 12 44 18  8  5  5 13 66  9 58  2 98 15 81 19 36 
12 33 13 56 11 85 18 15  9 38  8 64  2 24  4 73  5 19  0 26 14 59  6 12 10 14 17 22  7 38  1 65  3 58 15 92 16 40 19 52 
18 92  5 12  7 82  3 41 19 51 11 46  1  7 13 30  9 26  8 89  6 62  2 81 14 82 12 85  4 70 16 34  0 15 17 98 10 97 15 48 
 6 11 16 10 10 73 19 50 13  3  0 16 15 24  9 88 12 94  8 11 17 58  7  4  4 66 18 58 14 42  5 69  2 98  1 50 11 25  3 46 
17 87 15 97 10 84 13 49 11 82 18  3  9 76  1 77  5 35  0 41  7 56  4 31 12 50 16 56 14 75  3 42  2 37  8 94 19  3  6 14 
 2 88  3 77  8 64  1 42 13  7 15 84 19 16  7 20  6 56 10  7  5 47 14  2  0 49  4 53 11 65 17 76  9 82 12 12 16 41 18 94 
15 84  5 99  1 61 11 28 16 59  0 64  4 51  7 77 13 26 18 43  8 72 17 63 12 68  9  4  6 86 10 87  3 77  2  8 19 47 14 38 
 6  7  0 40  3 96 14  7 12 82  9 61  8 89 16 76  4 35 18 97 13 95  1  5 10  4  7 11  5 83 19 65 15 86  2 14 11 17 17 34 
 2 51 10 72 19 74 13 35 11 92  0 53 17 19  4 90 12 35  9 47  5 49 18 34  1 68  6 46 14 80  8 30  7 71 16 31  3 50 15 70 
 7 31 10 71  4 45  6 75 12 40 15 87 16 55 17 21 11 18  9 21  1  1  2  5 19 17  8 83 18 58 13 68 14 66  0 89  5 35  3 67 
 7 85 12 13  3 46 14 96 10 90  2 31 15 75 18 88 16 18  9 80  5 48  1 74 11 55  8 68 19 88  4 85 17 55  6  6 13 82  0 82 
17 89  6 52  8 29 11 38  7 90 13 70  0  4  5 86  1 48 10 59 16 75  4 38  9 37  3 46 18 40 15 23 19 19 14  3 12 35  2 71 
15 64  1 60  7 86 19 14 10 61  6 87  5 47 17 83  2 66 16 78  8 90 14 80 13 80  3 58  4  8  9 14 11 43  0  4 18  1 12  3 
17  5  5 61 19 23  4 57 16 67  7 49 13 88 10 23 11 12  2  3  8 29 14 69  9 52 15 13 18 16  1  2  0 13  6 50  3 46 12 73 
17 85 18 86 19 48  7 71  6 83 13 17 15 17  1 18 16 34  9  7  8  2  5 41 14 34  3 37 11  7 12 88  0 59  4 56  2 63 10 50 
 8 59  2 49 13 81  6 13 18 29  3 19 19  5  7 77  0 71  4 11  1 68  9 90 10 62  5 96 14 70 17 31 12 55 11 80 15 55 16 85 
14 85  7 88 17 97 18 58  4 83  9 47 12 84 13 95 10 62  5 72  6 75 11 40  0 52  8 79 19 48 15 53  1  5  3 38 16 44  2 28 
18  4  4 16  1 82 13 45  6 65  3 35 16 58  0 31  8 45 14 12 11 58 19 51  9 43  7 12 17 48  2 38 10 72  5 93 12 11 15 94 
16 42 19 49 13 84 18 90  7 16 10 78 17 83  3 82  9  7  6 99  0 22  4 14  8 63  1 81 15 78 14  7  5 31 12 14  2 59 11 33 
10 14  0 67  1 66  9 24  3 75 18 85 13 62  7 59  8 65  5 74 15 58  2 18 17 90  6 81 11 53 16 24 12  8 14 17 19 99  4 62 
 4 68  9 93  3 19 10 51  8 36  6 85 12 66 18  7 17 51 16 89  7 11 11 70 15  2 13 11 19 49  5 41  0 68 14 80  1 51  2  2 
 5 92 19 16  0  6 13 22 16 93  6 89 17 29 10 34 15 62  1 19  3 61 14 18  2 91  8 16  9 27  7  4 12 69 18  2  4  7 11 83 
 4 16  7 19 14 32  8 39 13 19 12 51 11 11  1 31 17 23  9 72 19 49  0 71  2 33 16 73  6  3 15 54  3 37 10 24  5 17 18 60 
