100 20
17 17 16 25  7 65  0 31  2 80  5 64 13 30 15 36  9 99 10 16  3 32  1  3 19 28 12 79 14  1  6 50  4 94 11 31 18 87  8 94 
12 71  3 86 19 16 13 79  2 92  7 79 16 63 17 10  6 47 14 64  9 56  5  4  1 87  0 16 18 43  4 70 10 15  8 27 15 99 11 37 
17 81  0 32 18 76 10 80  2 19  1  6  6 37  4 59 14  8  8  3 12 41 15 79 13  8  3 83 16 68  5 53 11 29  7 61 19 24  9 53 
 8 78 14 99  7 97  0 20 13  3 12  1  2 97 10 92  3 43  9 11  1 25 17 31 11 98 16 73  4 38 19 71 15 69  6 71  5 73 18  2 
13 91  0 90  7 97 16 24  6  8 12 72  2 54  4 67  5 63 11 39 18 76 14 12 10  1  1  7 19 46  8 14  3 54  9 66 17 55 15 42 
11 67  1 13 18 74  6 38 17 10 16 67  0  6 19 50  7 72 10 93  3 25  2 72  5 66 13 71  4 18  9 77 14 27 12 20  8 97 15 17 
19 84  2 19  4  7 11 40 18 73 14 89 16 85 10 78  5 29  3 89 13  9  0 88  7 43  6 52 12 36 15 44 17 77  1 44  9 82  8 90 
 4 27 17 88 19 59 11 79 13 98 16 66  0  9 10  1 18 35  7 69  5 29  9 67  6 60 12 43 15 21 14 19  8 76  2 55  1 77  3 15 
12 44  3 43 11 67  7 41  9 90 17 71 19 38 15 39  4 77 18 18  0 12 14 17  1 10  8 77  2 49  5 25 13 85 10 30  6 14 16 92 
11 57  0 41 15 51 14 41  8 17 17 91 12 82 16 68  9 76 18 13  1 93  7 12  2 90 19 58  6 52 10 83 13 68  4  3  5 11  3 40 
 6 63  8 59 12 18 15 99 16 78  4  5 19 15  2 71 18 59 11 21  0 58 10 29 14 59  3 98  9  2  7 18 17 87  5 55 13 83  1 85 
 9 54  1 57  3 51 14 25 13 57  7 46  8 93 17 58 19 20 12  4  4 19 18 91  5 25  2 88 11 94  6 52 10 23 16  4  0 27 15 66 
18 73  1 84  9 85  3 50  4 61  0 40 14 93  2 17 15 86  8 19 16 49 10 98 13 74 17  6  5 27  7 91 11 58 19 59 12 22  6 15 
 9 11 12 56 10 39 14 20 13 79 17 55 18 18  4 40 11 74  3 91  6 95  1 65 15 13  7 26 19 40  0 89 16 25  5 33  2  3  8 21 
 3 51  8 37  9 49 10 20  5 52  2 57 19 17  0 42 16 50  6 74 17 33 11 38 15 16  4 21  1 35  7 85 18  7 12 66 13 68 14 66 
 7 47 16 27 10 86  8 19 13  9  3 23  0 64  5 32 11 24 17 14  9 47 15 81  4 45  1 84  6 10 12 25  2 74 19 81 18 98 14 79 
 0 94 18 46  9 63  6 64  7 72  3 70  2 86 11 10 16 11  4 99 14 93 17 90 19  4  5 75 10 87  8 35 13 46 15 27 12 94  1 83 
16 53  9 33 15 56  5 19  0 50  7 82  8 20 18 49 13 73  2 21 17 28 19 40 10 49  4 83 14 82 12 16  6 97 11 86  1 46  3 45 
 8 26 10 29 14 35  7 31  0 71 19 78  3 38  9 11 15 26  5 12 12 69 13 64 18  1 16 96 17 36  2 93  6 52 11 30  4 22  1 25 
12 12  9 98  5 14  1 38 10 94 18 77  2 52  7 95  8 20 11 77 14 42  4 28 15 69 17 88  3 29 13 18 16 95 19 73  0 16  6 34 
 7 22 15  5  8 31 17 25  6  8 14 38 19 17 18 17  5 13  9 59 12 36  2 88  0 57  4 19  1 57  3 65 13 88 11 23 10 52 16 40 
 4 19 10 34  2 49 13 46 11  2 18 45  6 82 19  7 16  7  8 50 15 81 14  1 12 99 17 91  9 54  5  4  1 87  3 29  7 63  0 45 
13 36  9 38 16 93 17 27  4 28 10 81  5  2 19 66  3 28 14 46  0 96  6 55  8 99 12 90  7  5  2 37 11 18 18 55  1 78 15 53 
 3 89 16 93 13 40  1 76  6 29  7 61 12 13  9 95 17 28 11  3 18 89 14 28 19 13  4 63  8 32  2 50  0 24 15 63  5 76 10 47 
 2 44  3 48 13 32 10 61 15 85 14 34 12 21  1 52 17 66  4 47  7 30 11 49  0 88 18 95  6 94 16 59  9 77  8  5 19 79  5 27 
12 19 19 64 18 27  1 30 14 27 16 57  0 96 10 36  4  8  5 77  3 59  9 36 13 13  8 96  7 88 11 47  2 80  6 32 17 43 15 93 
 9 73 11 75 14 37 16 70 13 90  0 34 12 87 10  6  4 59  2 79 15 11  5 50 17 46 19 12  6 38  1 55  7 15  3 18 18 80  8 98 
17 70  6 90 16 89  7  4 19 77 12 31  0 43 18 87 13 52  2 63  1 75 11 21  8 30 14 68  5 81  3 89  9 68 15 44 10 63  4 51 
12 70 11  9  6 52  5 55  7 92 19 60  2 39 17 13  3 68 15 72  9 80 13 45 14 28  8 69 10 48 16 29  1 42  0 55 18 44  4 88 
 7 91 12 28 10 68 13 49  5 94 11 86  8 43  0 43  3 75  1 98 19 88  9 67  6 63  2 34 14 61 15 85 18 32  4 96 16 45 17 51 
 3 90 12 97  9 53 10  9  2 63  0 92  1 18  6 68 17 55 15 10  4 78 11 34 13 57 16 13 18 64  8 59 19 56  7 76 14 41  5 56 
16  9 18 44 10 59 17 61 19  6  8 66 15 56  7 41 11 97  6 41 14  1  4 21  2 43 12 76  1 20  9 73  5 88 13 98  0 56  3 26 
14 90 18 60  1 40 17 78  8 52 12 10 13 50 15 61  5 95  3 28  9 38  7 24  6 51 10 96  2 90 19 18  0 77 16 11  4 43 11 93 
 0 47  8 30  2 13 12 63 15 93 16 42  7 32  1 12  4 66  9 94  5 89 11 25 13 16  6 96 18 87 14 39 19 58 17  8 10  2  3 17 
12 50 11 62  5 91  8 25  2 19 16 73  9 98  4 63 15 95 10 57  7 67  1  7 13 76  6 79 14 90 18 75  0 42 19 66 17 90  3 41 
12 18 19 99 10 89 11 43 17 49  4  8  5 44 18 33 14 91  0 39 16 36  9 72  1 27  7 70 15 66  6 82  8 94  3 46 13 18  2 98 
13 45  3 13 11 26 16 14  4 29  8 90 17 60  0 84  6 83  2 41  7  7 10 24  5 73  9 58 15 91  1 47 12 82 14 81 19 67 18 15 
10 52 13 79 19 18  8  3  0 29  9 88  7 97 15 55 18 55 17 15  4 87  1 17 12 43  3 58 11 69 14 66  5 31  6 43 16  8  2  2 
19 87  8 51 10 65  3  5  7 34 15 58 14  9  5 10  0 30 11 87  2 62  9 89 17 78  1 37 12 94 16 40  6 50 18 83  4 74 13 83 
 2 35 15 34  4 44  0 65 13 37 10  5 19 51 18 26 12 65  9 16  7 90  5 40 14 76  1 54  8 72 17 27 11 37 16 75  6 77  3 89 
14 15  8  1 17 43 15  7 11 64  1 50  5 26 10 29  6 13  9 76 19  9  7  5  2 85  4 19 18 23 13 95 16 76  3 69  0 48 12 26 
 4 84  3 42  5 99  6 25  9 75 18 93 19 76  2 56 11 23 15 87 17  8  0  2  8 60 16 79 12 30  1 16 13 61 14 16 10  1  7 31 
12 90  8 41 17 20 19 50 10 38 13 76  5 68 14 66  7 84  6 77  1 30  2 55 18 50  3 40 15 99 11  5  9 27  0 10  4 32 16 24 
18 33  4 79  0 55  8 69 13 53  6 50  3 81  2 28  9 91 17 55  1 50 11 29 15 27 12  9 16 61 10 27  5 36  7 43 19  5 14 56 
10 72 13 36  7 27  0 16 15 50  6 82 11  8  8 79 14 80  2 22  5 63  3 61  9 25 16 61  1 71  4 93 19 44 18 65 17 72 12 88 
12  7  5 18 14 59 18 44  8 64  0 94  7 55  2 20 10 11 16 77  9  3  6 26  1  8 17 21 11 73  4 80 15 89 19 53  3 19 13 95 
 5 35  2  7 11 98 18 66 12 16 15 89  0  6  3 24 17 18 19 39 13 52  9 49  7 52  6 26 16 11 10 73 14 91  1 69  4 99  8 79 
 3 65  1 24 10 87  9 85  2 66 15 99 13  5 12 29  5 98  0 17  7  4 19 48 11 45 17 26  4 80  8  5 18 56 14 53  6 76 16 41 
 8 39  3 34 18 47  9 60 15 21  0 11 13 46 10 14 11 59 19 51 14  7 16 58  7 49  2 57  1 71 12 57  4 47  6  1 17 85  5 72 
17 93  2 88 10 24  9 32 14 18 16 44  6 48  1 18 15 80  8 67 13 10  7  9  5 16 11 35  0 16  4 10 12 29 18 71 19 89  3 87 
10 36  9 29 12 35  5 78  7 17  4  7 19 38  0 50 14  6 11 15  2 14  6 30  1 36  3 18 15 59 16 63 13 92 18 26  8 46 17 23 
 5 90  9 11 14 87  3 34 12 20 17  1  4 57 11 30  2 19 19 25  6 22 15 32 10 86  0 31 18  4  7 54  1 32  8 17 16 24 13 67 
 2 91 13 61 15 53  4  1 10 67  5 53  9 86  0  8 17 12 11 51  7 90 18 73  3 44 16 12  8 92 14 58 19 57  6 63 12 82  1 68 
18 77  6 48  5 72 19 89  7 36 16 23 13 39  4 45 15 39 14 85 10 54  8 69 12 44 17 92  0 86 11 42  2 83  9 85  3 23  1 58 
 7 15  1  5  2 67 17  9 16  7 10 81  9  4  6 86  5 74 15 49 12 26  8  9 14 27  3 33  0 51 19 95 13 32 11 24  4 31 18 58 
14 30  8 90 10 27 15 17 17 85  4 27  9 92  7 11  1 15  3 61 19 18  0 34 13 96  2 56 16 34  5 44 11 32  6  1 12 16 18 55 
18 21  4 95  5 81  2  1 11 65 17 69 19 24 14 47 16 92 15 25  1 22  7 60 13 62  9 97  3 78 10 63  8 18  0 35 12 80  6 55 
13 96 14 27  0 66  8 52 19 16 15 20 16 24  6 59 17 75  4 64 18 26 10 88  9 57  5 68  2 60 11 12 12 54  3 99  1 51  7 71 
11 79 15  6 19 41  8  8  6 93 12 46  3 69 18 81 13 61  4 44 10  2 14 69  5 72  9 21  7 55 17 69  2 13 16 69  1 80  0 91 
 1 82 10 99  4 92 13 53 14  5  9 33  7 59 19 32  3 93 17 13  0 64  8 19 18 96 11 12  2 66  5  4 15 83  6 65 16  3 12 79 
18 16  2 62  4  1  3 41  5 84 19 61 16 31 10 63  6 10 17 10  8 14 13 75 12 14  0 63  1 53  9 61 15 41 14  7 11 57  7 15 
18  5  7 83 10 25 11 37  6 81 16 42  5 20  9 22 13 50  4 40  1 77 19 76  3 58 14 88 15 77 17 69  0 63  8 56  2 49 12 41 
 9 43  1 16 10  1  0 56 11 38  8 41 19 78  7 81 15  5  6 46 12 10 13  6 16 31  4 44 17 22 18 78  2 93 14 42  3 21  5 43 
 5 27  9 26 10 32  7 20  0 20  4  5 15 43 13 63 16 23  2 29 19 45  3 79 12 68 11 73 18  1 14 10  1 61  8 56 17 95  6 36 
10 88  3 21 15 86 17 92  2 89  6 30 14 44 19 25 12 99  8 91 16 21 13 45  0 82 11 41  4 76  1 33  5 77  9 49 18 63  7 37 
 1 33  0 54  7 79 19 56 16 54 17 75  5 79  8 99 18 38 15 13 12  2  3 53 11 89  4 82 10 53 13 33  6 43 14 73  2 25  9 14 
16  7  2 43  8 70  5 22 14 54  9 81  1 44  4 94 12 95 10 29 15 14 13 50 17 98  7 18  3 50 19 96  0 74  6 66 18 38 11 49 
18 79 12 40  1 71  3 39 14 13  2 19 11  1 10 82  0 58 13 26 15 44  8 18  7 94  5  8  9 68 19 90 16 39  6 47  4 43 17 80 
12 82 10  1 19 76  2 22  9 17 16 15  6 64 17 71  7 22 15 79  3 89  4 80  5  7  1 78 14 87 11 88 18 22  0 59 13 75  8 24 
12 56  9 93  8 63  6 23  7 31  0 90  1 46 11 83 10 21 18  4  3 53 14 99 13 65 17 99 16 58  5  5 15 33  2 17 19 26  4  7 
13 35  9 44  8 10 11  5 10 40 15 66  0 13 18 20  1 25  5 95  7 88  4 32 17 45  2 11 12 20 16 61 14 36  6 45 19  5  3 56 
 2 41 12  6  6 77  4 69 19 83  7 17 10 22  1 32 16 58 17 63 18 59  3 31 15 94 11 90 13 20  8 83  9 14  0 67 14 62  5 62 
17 36 11 81  3 70 15 20  5 60 13 22 16  8  9 31 14 53 10 67  6 66  2 75  0 22 19 30 12 47  8 69  4 68 18 77  7 10  1  4 
19 21  6 97  3 71  5 13 16 85 14 95 10 27  4 10  1 24 11 43  7 81  9 88 12 72 17  5 15 51 18 75  8 44 13 49  0 43  2 26 
14 69  6 93  4 66  0 12  2 81 12 94 10 61  8 56 15 56  7 62  3 25 16  2 19  5  1 87 17 75  9 14 13 14  5 45 11 30 18  8 
 2 80  1 21  6 94  7 86 18 54 16 70 15 83 14 39  4 54 11 76  8 50  9 18 19 15  0  4 10 34 13 12  3  9  5 47 17 31 12 65 
 3 77 11 87 15 97 19 90  7 25  2 77 17 88 18 76  8 69  4 15 14 49  1 27  6 75 10 90 13 32  9 26 16 67  0 82 12 59  5 72 
 9 85 19 40  8 48 10 64 17  8  6 79  4 96 15 70 13 25  1 30 14 75 16 86 11 72 18 49  5 74  0 55  7 87 12 34  3 98  2 46 
 7 87  2 75  1 55  3 34 11 62 15 31  0 53  9 13 14 63 10 14 13 20 16 12 17 14  6 48 19  4 12 64  5 17 18  5  4 85  8 41 
17 55 13 74  9 15  2 39  3 64  8 71  5 18 10 60 15 28 16 82  6 93  4 68  1 75  7 56 19  9 11  9  0 20 18 61 14 78 12  5 
 2 23 13 66 14 25 10  2 15 13 18 72  1 51 11 81 16 47 19  6  8 42 12 44  7 88  0 36  3 93  5 21  6  6  9 62 17 18  4 38 
 0 84 17  1  5 70  9 63  2 70  8 22  4 98 15  4  7 85 14 29  3 81 12 26  6 49  1 62 10 49 13 66 16 41 11 31 18 51 19 23 
 8  9 11 20  0 60 15 22 13 29 14 89  4 36  7 51 19 97 12 39  1 58  3 50  9 48 10 94 17 35  2 95 18 37 16 79  5 71  6 12 
 7 78  8 95 18 42 12 60  6 62 14 99 13 31 16 94  3 78 10 27 15 23  5 60  9 10  1 80  2 83 11 54 19 96 17 15  4 50  0 64 
16 32 15 59 18 93 11 95  2 61 14 19  8 46  4 75  1 69  9 76 19 96  3 50 10 10  7 69  6 10 13 98 17 60  0  1  5 81 12 79 
16 23 11 64 19 70 18 35 12  6  0  8  7 97  4  7  6 56 13 92 10 11 15 50  8 39  1 72  2 25  5 85  3  4 14 59  9  2 17 27 
 7 46 15 90  5 89  2 66  6 87 13 35 18 83  0 90  3 93 12 54  8 10  9 22 10 18 17 97  1 19 14 94  4 60 16 90 11 83 19 41 
 2 54 17 53  9  4  8 54  5 73  4 18 12 26  1 58 18 44 11  1  0 49 15 95 16 91 14 38 10 93  3 29  7 70 19 14 13  6  6 51 
16 57 19  4  0 21  2  5 14 64  5 71  9 67 12 24 18 39 13 73  3 98 10 12 17 34 15 20  7 31  6 12 11 40  8 75  1 22  4 65 
14 63 17 83 16 29 18 84  0 25  6 12 13 81  9 89  3 44  4 23 19 66 10 31  1 29 15 64  2 67  8 56 11 34 12 97  7 27  5 71 
 6 99 15 28 17 73 11 10  1 85 16 56  5 56  9 10 13 30 10 82  4  2  2 45  8 16 12 36  7 89 14 27  3 34 19 85  0 16 18 75 
 8 53 19 33 15 16 18 81 16 54 14 15  7 67 17 46  3 98  5 72 13 65  2 42  1 13  9 40  0 56  6 43 10 57 11 56  4 77 12 94 
19 38  8 83 13 55  0 80 18 47 16 28 15 82  5 82 11 46  6 89  9 22 12 69  4 44  2 84  7 70  3 32 10 21 17 55  1 52 14 13 
19 40 13 55 17 54  0 73 16 94 14 80  9 61 12 74 18 92 10 23  5 18  4 41  2 46 15 94  8 73  7 31 11 33  1 35  3 32  6 15 
17 71  4 20 15 38  3 72 16 45 18 75  8 28  9 30 10 52 11 57 14 26  1 77  6 72 13 43  0 62  5  7 19 41 12 21  2 58  7 21 
 5 18  9 56 15 73 19 17 16 31  1 49  3 47  0 66 12 17  6 75 11 25 17 38 13 43 10 95 18  4  7 71  2 26  8  5 14 26  4 28 
 6 33  3 62 16 48 12 21 15 79  4 48 11 93  8 29  5 99 10 98 18 93  2 36 14 49  9 42 17 22 19 63  7 43  1 27  0 10 13  3 
13 85 18  4 15 41  2  8 12 78 19 88 14 82 10 53  6 25  0 80  1 32  9 28 17 75 11 31  7 19  5 11  3  4  8 92  4 31 16  1 
11 96  0 24  4 47 10 35  7 36 17 83 16 99 14 22  2 91  3  1  5 43 15 33 12 97 18 50  8 41  9 78  6 92 13 92 19 40  1 45 
 9 97 19 62  1 35 15 42 18 51 12 14  2 64 13 10 11 95 16  7  7 38 14 11 10 35 17 25  4 77  6 82  0 79  8 81  3 17  5 33 
