100 20
 9 53 19 48  7 17  6 42  2 70 13 99 11 23 18 79 16 42  8 88 14 23  3 77  1 59  4 45  5 84  0 58 15 47 10 91 12 29 17 48 
 3 52  2 74  6 35 15  3 16 45 18 36  8 92 14 20 10 58 12 14 13  5  1 93 17 46  0 36  5 94 11 76  7 63  4 95  9 66 19 49 
12 42 11 62 13 83 16 59  7 60  9  8  3 15 19 10 10  1 14 78  2 27  0 98 18 35  6 22  1 80 17 77 15 86  5 63  4 44  8 39 
12 10 19  6  5 62 11 67 14 66  4 38 13 20  7 76  6 94 15 67 18 34  1 59  0 27  3 61 17 10  2 67 10 21 16 90  8 73  9 14 
12 17  2 37 10 21 11 91  8  7 18 44 17 22  6 50  5 31 13 82  9 53 14 21  4 89 16 35 19 48 15 16  3 70  1 93  0 41  7  5 
12 63 14 68 18 45  0 41  9 78  3 74 15 97 16 14  2 48 13 54 17 91  7 92 11 91 10 64  5 61 19  6  8  6  4 60  1 65  6 73 
 2 91 18 58  8 75 10 11 17  7 12 86 19 70  9 26  7 53  4  5 11 81 14 66  1 57  3 77  0 89 16 49 13  3 15 59  6 93  5 37 
 5 33 11 97  0 81 18 35 16 83  6 28  3 47  7 34 13 23  9 96 10 31 14 94 19 63 15 21 12  1  1 56 17 36  8 50  4 91  2 88 
 8 37  1 70  7 38 15 84 17 25 12 32 14 72 18 37 16 23  0 14  3 44 13  3  9 25  4 91 19 97 11 88 10 64  6 81  5 65  2 59 
11 40 13 23  0 52  4 39  8 64 19  9 14 65  2 22 17 71 12 51 18  7  6  7  3  7  5 34 10 59 15  2 16 45  1 41  7 96  9 20 
 0 48  9 63  2 47  7 12  4 56  3 86 15 86 17  1  6 20  1 80 10 82  8  4 19  8  5 55 16 85 18 75 11 22 14 11 12 46 13 48 
16 76 11 56  6 19 13  7 17 44 14 90  2 23  5 12  1 57  4 99  8 75  9 22 15 59 19 96  3  5  0 67 18 94  7 64 12 88 10 77 
11 87 14 22 18 14  8 19  1 98  9 68  5 47 10 97  2 10  3 71 16 66  0 42  4 21 17 49 13 87 19 49  6 54 12 74 15 92  7 25 
 3 22 19 64 14 21 10 44 16 34  7 43  0 14  1 73 12 38  5 58 11 52  6 26 18  6  8 56  4 98  2  2 15 98  9 49 13 91 17 65 
 6 58  9 56 11 73  4 22 14 65  8 94 10 98 19 13  5 25 12 66 18 35 17 50  3  8 15 47  0 33  1 24 16 53 13 39  7 43  2 96 
 6 99  1 72  5 40 18 88 13 39 15 26  9 57  3 81  7 63  8 71 16 93 14 59 10 12  4 71 17 87 11 52 12 67  0 27 19 70  2 91 
12 63 16 87  2 72  3 44  0 20 18 77  9 48 10 34 19 62  4 64 13 26 15 68  6 92 17 18  7 51  5 43 11 15  8 70  1 23 14 56 
 6  6 15 39  0 65  5 47  2 69 12 17 19 35 10 94  3 52  7 58 13 63  4 63 11 89 16 56  8 30  1 24 18 37 14  3  9 61 17 12 
 4 80  1 50 15 35 19 43  0 96 18  3 16 81 14 10 12 14 11 32  3 54  9 21 10 57  8 78  2 56 17  8  6 60  5 37  7 47 13  2 
12 93 19 46 13 47  8 13 10 87 14 60 17 83  1 69  7 32  3 12  4  2 18 89  5  3  6 12  2 14 15 99  0 69 11 12 16 79  9 72 
15 99 12 55 11 44 19 16  3 49  0 86 14 40  4 40  1 41 13 36 18 93  8 34 17 88  2 90  7 99  5 37 16 54  6 82 10  4  9 55 
 4 31  6 26  5 12  7 48  1 41  2  2 13 25  3 17  9 32 18 77 16 98 15  2 12 82  0 92 11 33 17 53 10 53  8 28 14 27 19 86 
19 86 17 59 18 40 12 42  5 46 15 78  0 14  8  7  4 49  1  6  6 28 10 12 13 73 16 35 14 64  2 57  7 77 11 64  9 63  3 15 
16 17 15 59 18 60  8 37  1 95  7 78 17 61 10 45  0 51  9 67 12 34 14 45 11 47  5 86 13 74  6  5  3 67  4 79  2 27 19  9 
12 70 11 23  1 29  0 78  8 54  6  3 15 27  3 82 17 30  9 90  7 27 19 95 13  8 18  9 14 58  4 41 16 25  5 87 10 35  2 24 
 9 39  1 62 19 80 16 74  7 25  5 43 17 79 11 52  8 12  0  6  2 67  3 46 18 37  4 14 12 37 15  2 10 82 14 12 13 38  6  9 
10 84  5 87 15 40 16 12  2  9  9 62  4 27  0 68  8 24 19 79 14 52 13 18  1 57 12 93 17 61 18 15 11 61  3 21  7 93  6 57 
 8 54  5 89  9 30 19  4  2 37 11 72 18  1  4 10  3 65  7 81 12 22  1 17  6 72 10 41 14 51 15 42 16 21  0 39 17  1 13 59 
 4 65  6 82 12 11  5 85  9  8 15 53  0 89 16 29 11 60  3 22  7 46  8 29 17 22 18 71 13 35 19  6  2 22 10 77 14 69  1 30 
16 43 15 35 10 84  3 68  5 85 14  3 12 11 18 13 13 66  0 74  1 30  8 54 19 12 17 94  7 85  4 86  2 74 11 17  6 88  9  6 
11 81  5  3  3 69  4 81  0 52  9 59 16 88 17 99 13 63 12 35 18 48 10 26  2 44  1 38 14 32 19  4  7 80 15 44  8 86  6 90 
15 35  2 14 11 63 12 25  5  7  1 22 10 72  3 38  7 63 14 80 18 65 19 84 13  8  4 18 17 79  8 42  6 94  9 89  0 29 16 40 
16 98 17 76 13 87  2 69  1 65  6 64 14 58  4  7 18 18 15  7 19  9  0 36 12 48  8 48  9 83 10 43  5 35  3 84 11 32  7 84 
14 22  0 95 17 92 19 95 18 70 11 84  4  3  3 56 12 31 15 10 10 35 13 47 16 94  9 61  7 45  2 47  1  4  5  1  6 35  8 53 
16  1 15 22 14 46  6 91  4 78  5 48  1 32 19 93  0 28 10 91  2 16 12 52 17 48 13 43  8 11  9 68  3 44  7 51 11 11 18 33 
14 26  3 65  5 93 18  8  6 44 16 98  1 50 19 36 10  5  2 68 12  6  9 49  0 46  4 55 17  1  7 94 13 13 11 39 15 90  8 40 
10 63 16 30  7 24 11 41 14 97  5 71 13 92 12 91 17 22  6 97  9 49  2 40  3 37  1 36  8 23 15 83 18 53  0 71 19 64  4 76 
 5 37 15 60 13 79 16 25 18 83 19 21  8 10 11 78  4 75  6  9  3 70  2 36  0 41 17  8  1  1 10 19 12  1 14  6  9 67  7 46 
13  5  0 29 11 76  7 16 18 81  5  9  6 94  8 82 14 71  4  5  9  3 10 38 19 25 15 85  1 45  2 62  3 30 12 58 17 10 16 20 
 5 85 11 99 13 30  9 23 17 91  3 32 14 61 12 42 19 11  4 56 16 33  1 30 15 27  2 19 18 14  0 81 10 21  8 56  7 57  6 68 
 1  4  7 20 15 37  9 62 19 79  5 62 17 71  8 18  2 82 11  7  3 42 12 97  6 10  0  6 14 25 10 70 16 27 13 87 18 69  4 53 
12 14 13 19  6 36 18 52  8 88  2 67 14  2  1 30 16 83  4 86  7 97  9 33  0 23 19  5  5 42 11 77 10 47  3 58 17 23 15 44 
 5 82 13 73  9 91 11 78 10 54 16  1  4 30 18  9  0 37 17  3  8 71  3 26 14 98  2 70  7 35 19 55 12 72  6 47 15 35  1 85 
10 36  1 14 17 96  2 61 19  3 14 30  0 98  8 75 15 41 16 79  3 96  9 73 18 54  4 72 12 29  7  6  6 31  5 32 11 34 13 50 
19 93 13 16  3 96  7 73 10 94  6 36  9 29  2 38 14 63 11 14 17  7 12  7  4 56 16 54  5  7 15 83 18 33  8 60  0 88  1 58 
16 64 12 11 14 13 19  4  9 74  8 23 15 84 18 62  0  8  6 42  2 96 11 26 13 41  7  2  4 28  3 14  1 99  5 14 17 65 10 80 
 4 10  3 99 10 20 15 80 11 60  5  2  0 98 12 97 14  1  1  1  2 59 19  1 16 26 18 99  8 89  6 38  7 15 17 47  9 74 13 14 
 1 52 19 50  5 13 14 73 12 88 13 67 18 78  9 82  7 18 16 86  0 27  6 34 10 26 15 30 17 17  4  2 11 87  2 85  8 40  3 77 
 4 70  6 98  3 23 13 29  1 88 10 31  2  7  5 92 18  3 16 80 17 18  7 39 15 57  8 56  9  8 19  1  0 79 14 90 11 74 12 55 
19 25  6 29  0 51  3 83  5 91  4 93 12 44  8 16  2 23  7  7 17 57 18 56  9 72  1 41 10 68 14 25 13 63 16 43 15 87 11 53 
 9 35 18 12 12 89 10 41  1 70  2 18 13 70  6 69  8  5 17 59  7 30  4 34 11 23  3 42  0 45 15 92 19 92 16 60 14 98  5 41 
11 61  1  4  2 30 15 50 13 50  8 39  4 41 10 15 16 22 14 55 12 37 17  7 18 88  6 58  5 90  0 64  3  7 19 23  7 19  9 37 
16  4 12 57 10  1  2 80  6 21 18 35  9 32 17 98  0 78  1 50 15 79  4 53 19 40 11 19  7 25 13 84  8 91  5 51 14 95  3  4 
13 73  5 92  8 25 19 41  9 58 15 36  1 50 10 90  4 98 17 39 18 94 14 64  2 15  0 29  7 27  3 89 16 50 12 26 11 38  6 11 
14 82  2 37  3 99  6 34 12 94  5 46 16 74 19 45  4 78  1 41  9 58  7 43  0 71 15 59 11 25 17 55 18 84 13 48 10 84  8 57 
 2 11 11 53  0 39 15 81 19 66  6 99  4 73  3 76 17  7 14 91  9 33 16 47 18 14  8 51  1 25 13  4  5 15  7 26 10 79 12 70 
 6 79 15 97  9  9  0 56 14 50  8 43 13 55  1 32  4 91  5 75 17 83 18 17 12 55 10 43 19 80 11 62  2 60  7  3 16 56  3 33 
13 97  2 40 12 32  3  7  5 85  6 60 17 19 19 13  8 54 10 62 16 47  0 11 15 32 11 49 18 65  9 69  7 67  1 96  4  7 14 71 
19  7  7 54 15 19 14 14 10 68  9 74  4  1 17 62 13 53  2 51  8 35  6 23 11 88  1 68 18 53 16 39  3 65  0 64 12 93  5 93 
12  9  0 28 17  6 18 73  6 73  5 71 11  7  3 57  2 95 10 93 15 56  7 67  9 23 13 30  8 98  1 37  4 34 14 27 19 45 16 62 
 3 32  0 71 14 47  5 16  4 50 15 96  2 31 17 10 12 63 10 10 16 74  7 88  6 32 11 50  8 93  9 41 19 55 13  5 18 69  1 83 
 7  4  4  8 15 91 13 54 11 59  9 51  1 58  8 55  6 63  0  3 12 64 18 38 19 21 14  8  3 69 16 93 10 95  2 61 17 37  5 74 
 7 86  4 46  1 71 19 94  6 84 14 72 13 51 12 75  0 46 17 17 11 35 18 22  5 43 15 64 10  4  8 32  9 22  3 71 16 26  2 62 
 1 44  9 55  5 12 14 38 17 35  0  6  3 61  2 93 18 18 13 62  4 42 11 23 12  9  6 71  8 79 19 84  7 90 10 67 16 92 15 48 
 1 78 18 22 12  8  0 85  5 92 11  8  9 45 14 38  2 20 15 38  8 73  6 53  3 44 17 19 10 75 13 41  7 71  4  6 19 84 16 74 
 8 30 19 41 18 20  7 49  4 60 16 59  6 40 15 72  9 31 12 26  1 55 14  3 17 61  2 57 10 58  3 87  0 88 13 40 11 94  5 78 
 7  8  2 15  1 66  6 46 11 22 12 66 14 13 18  7  9 30 15 64  3 55  8 31 17 96 16 82 19 60  0 14 13 63  4 56  5 71 10 63 
16 29  3 10  5 78 10 46 15 94  8 97  6 85 14 86 13 63 19 50 18 49  7 27 17 63 11 81  2  4  0 80  4  9 12 95  1  6  9 83 
 5 63 11 28  1 37  0 62 16 56 10 73  6 54  2 70  7 53  8  7 12 35 14 64 18 22  4 98 15 41 19  6 17 88  9 20 13  5  3 86 
 8 84  3 84  2 21 14 35  0 54  1 98 16 95  6 54 11 63  9 59  4 74 18 90 19 68 10 98  5 39 17 83 13  5  7 19 12 74 15 73 
 2  1 16 41  9 31  6 10 19 99  3 94  0  9  7 69 12 55 17 92 18 17  5 89 14 73 10 10  4 98 13 38 15 13 11 52  1 48  8 87 
11 70  7 40 15 18 14 41  2 26  0 65  1  7  4 56 12 32  9 37  3 32 19 48 16 77  5 26 17 91 10  5 13 33 18 74  8 90  6 97 
15  1 11 55  8 80 14 27  3 58 13 92 18 18  0 91  4 23  6 96  1 86 17 40 19 17 12 39  9 49  5 31  2 60  7 53 16 74 10 23 
 6 73 17 19  5 89  0 90  7 27 15 84 18 73 19 30  1 51 12 33  2 84 10 21  4 38  8 29  3 34  9 12 14 57 16 46 13  9 11  8 
16 65  6 39 17 15  5 72 11 65  9  6 13 99 19 83  1 65 14 84  2 85  7 90  8 23 18 45  0 74 15 88  4 26 12 41 10 61  3 28 
 3 86  5 60 17 48 15  8  6 18 13 14 12 71 16 41 14 76 10 57  0 72 18 23  1 81  7 50  8 60 11 15  4 33 19 54  2 67  9 80 
12 25 15 19 19 88  3 68 10 40 16 42  2 60 18 29 11 87  7 57  9 77  8 23 17 91 13 34  0 96  1 22  4 84  5 26 14 66  6 76 
 5 41  6 23 12 34  3 31  4 65 10 43 15 51  0 35 17 42 14 56 19 29  8 79  7 22 16 66  9 68 13 32  1 21 11 82  2 42 18 66 
 1 29 17 24 18 48 15 13  0 93 14 68  5 17 11 51  8 49  3 76 16 40  6 88  2 85  9 43 13 56  4 31 12 77  7 88 10 53 19 53 
 8 17  6 18  1 36 10  1  5 54 12 20  0 95 11 20  2 57  3 42  4  3 15 55 17 18 13 39 19 85 18 28  7 21 14 49  9  7 16 98 
 0 89 14 97 18 66 15 17  5  2  7 32 12 94 11 71 10 87 16 45  6 45  9 21 19 91  2 30  3 33  8 20 17 97  4 34 13 15  1 24 
10 57  2 89 18 78 13 21 11 58  9 78 14 25  4 51 15  7 12  1 19 61 17 92  1 13  3 73  6 35 16 46  0 61  8  4  7 68  5  3 
10 77  4 79  7 61 18 52  8 74  9 31 17 71 19 98  1  4 14 62 16 44 15 38 11 25 13 29  5 40  0 30  2 65  3 79 12 57  6 10 
 0 50  3 95  1 33 19 34 15 49  8 25 16 22 11 87 13 46 10 13  5 96  9 98  6 43  7 80 17 70 12  7 14 97  4 19 18 74  2 47 
10 83  6 93  8 90  2 96  7 75 15 41 13 68  9 43 18 77 12 32 16 75  1  1 17 28 11 11 14 90  5  5  4  4  3 63 19 79  0 92 
18 61 12 65  6 48 19  2 15 98 16 44  1  4  2 50  7 66  3 97 17 26  4 85  0 71  9 52 11 32 13 98 14 60 10 88  8 75  5 43 
 9 97 15 42  8 77 14  4  0 80  7 95  3 17 18 50  4 32 13 44  2 93 12  2  6  5 19 68  5 78 16 21 11 70 17 18 10 49  1  5 
16 86 18 18 15 71  0 19  6 13  2 72 12 12 14 64  3 78 11 37  9 69 13 13  7 78  8 60  5 71 19 63 10 77 17 41  4 84  1 71 
 9 17  6 80 12 96 18 44 15  2 11 92 17 32  3 57  7 74 14 32 10 48  0 61  4 47 16 78 19 81  8 86  1 29  2 64 13 48  5 34 
16  8 13 79 17 71 14 87 12  1 15 61 18 82  8  7 19 53  6 70  2 54 11 62  5 75 10 13  0 53  3 53  4 78  1 97  9 18  7 39 
16 70  2 55 14 92  3 59 19 62  9 16  6  4 17 29 15 18  0 20  7 56 11 82  5 33 12 77 18 64  8 25 10 75  1 46 13 54  4 55 
13 71  9 69  1  9 18 92  7 69 12 91 19 63  2  3 11 96  6  9 17 48  3 29 16 14 14 15 15 11  4  2  8 43  0 52  5 54 10 96 
 3 72 19 65  9 18 16 80 14 55  5 45  4 34  6 67 15 59 11  5  1 38  7 99  8 91 10 15  2 42 13 74  0 24 17 23 18 10 12 53 
11  3  7 17 15 78 16 72  3 63  2 92 12 35  5 62 17 86 19  5 14 55  6 77  9 95 10 49  8  6 18 58  0 16 13 78  1 62  4 73 
 8 38 15 51 13 28 14 76 18 38 16 96 19 91  0 32  7 90 17 73 12 56 11 67  4  4  1 55  3 77  9 20  6 43  2 62  5 79 10 49 
17 37  8 71  2 80 11 33  9 95  4 41 10 15 15 67  5 10 19 94  0 63 14 97  6 56 16 42 18 35  3 63  7 16 12 92  1 13 13 88 
 0 14 18 41 12 82  4 47  8 49 14 52  5 64  6 25 16 12 13 56  2 47  7 42  9 77 15 89 17 92  1 41  3 75 19 23 11 40 10 91 
 9 99 15 52 14 30 12 27  7 86  3 29  5 80 19 78  0 76  2 13  1 12  8 23  4 66 16 30  6 66 18 52 10 67 11 42 13 91 17 84 
19 94  4  7 10 40 18 29  1 87 17 18  0 82  8 75  5 32  9 45 14 19  6 23 12 69  7  1  2 92 15  9  3 29 13 37 16  8 11 78 
 4 79 11 39  9 46 17 95  0  4 12 55 14 80  1 79 19 35 13 11  2  4  3 24 15 63 16 14  6 34  8 14 10 57  7 58  5 14 18 60 
